NAME : null
NBR_NODES : 50
NBR_EDGES : 525
T : 32.647610395026874
# NODE: i x_i y_i b_i g_i s_i
# x_i, y_i : x, y of node i
# b_i : demand of node_i, <0 for depot, >0 for client, =0 for platforms
# g_i : cost for using node i, >0 only for platforms
# s_i : time for crossing node _i, >0 only for platforms
NODE: 1 10 10 -9 0.0 0.0
NODE: 2 10 20 -27 0.0 0.0
NODE: 3 10 30 -19 0.0 0.0
NODE: 4 10 40 -10 0.0 0.0
NODE: 5 10 50 -11 0.0 0.0
NODE: 6 10 60 -11 0.0 0.0
NODE: 7 10 70 -20 0.0 0.0
NODE: 8 10 80 -13 0.0 0.0
NODE: 9 10 90 -28 0.0 0.0
NODE: 10 10 100 -28 0.0 0.0
NODE: 11 10 110 -16 0.0 0.0
NODE: 12 10 120 -10 0.0 0.0
NODE: 13 10 130 -22 0.0 0.0
NODE: 14 50 10 0 26.6973061609687 18.04400570967686
NODE: 15 50 20 0 31.106392500099943 44.28381940511823
NODE: 16 50 30 0 46.53752486538076 49.77228041806267
NODE: 17 50 40 0 11.618140406284727 73.014895919982
NODE: 18 50 50 0 44.01889478450806 32.838445159345696
NODE: 19 50 60 0 59.65451677527939 69.62686964973375
NODE: 20 50 70 0 90.94756615235535 20.188563263831085
NODE: 21 50 80 0 61.166274446021404 25.966941531232738
NODE: 22 50 90 0 22.042954606681015 24.91564603816709
NODE: 23 50 100 0 46.12818119046814 70.13296299718098
NODE: 24 50 110 0 15.83524339485163 38.999732366625345
NODE: 25 50 120 0 62.73278075697963 99.7105155148698
NODE: 26 50 130 0 93.36090797699704 33.754457351224694
NODE: 27 50 140 0 79.34324963125945 43.02154179474483
NODE: 28 50 150 0 77.66682285161346 55.12003369323213
NODE: 29 100 10 6 0.0 0.0
NODE: 30 100 20 11 0.0 0.0
NODE: 31 100 30 6 0.0 0.0
NODE: 32 100 40 9 0.0 0.0
NODE: 33 100 50 5 0.0 0.0
NODE: 34 100 60 9 0.0 0.0
NODE: 35 100 70 6 0.0 0.0
NODE: 36 100 80 11 0.0 0.0
NODE: 37 100 90 6 0.0 0.0
NODE: 38 100 100 12 0.0 0.0
NODE: 39 100 110 14 0.0 0.0
NODE: 40 100 120 15 0.0 0.0
NODE: 41 100 130 11 0.0 0.0
NODE: 42 100 140 9 0.0 0.0
NODE: 43 100 150 6 0.0 0.0
NODE: 44 100 160 13 0.0 0.0
NODE: 45 100 170 9 0.0 0.0
NODE: 46 100 180 15 0.0 0.0
NODE: 47 100 190 9 0.0 0.0
NODE: 48 100 200 14 0.0 0.0
NODE: 49 100 210 8 0.0 0.0
NODE: 50 100 220 15 0.0 0.0
# EDGE: k i j u_ij c_ij h_ij t_ij
# i : starting node of edge k
# j : ending node of edge k
# u_ij : capacity of edge (i,j)
# c_ij : fixed cost for the use of (i,j)
# h_ij : unit cost for (i,j)
# t_ij : delivery time for (i,j)
EOF
EDGE: 1 1 14 0 97.45915999750827 17.296945689070004 25.96920878881994
EDGE: 2 1 15 0 36.21223886869961 15.692385765567753 96.35687307004585
EDGE: 3 1 16 0 75.29867356518747 6.733658115763583 16.453861254297706
EDGE: 4 1 17 0 57.22304721472892 8.761687469621169 24.83764644949549
EDGE: 5 1 18 0 34.10662319890221 13.783636187947335 52.61637998241381
EDGE: 6 1 19 0 13.977239964209708 7.399191114821801 93.43771328142098
EDGE: 7 1 20 0 52.69051162803627 17.7601680374992 60.96627868116921
EDGE: 8 1 21 0 37.95242200756233 8.341849996047904 54.99223773466423
EDGE: 9 1 22 0 25.12621142613859 16.69021341027633 29.45245378292644
EDGE: 10 1 23 0 58.031866829317686 9.288682416191458 93.07746909635362
EDGE: 11 1 24 0 61.784433106660806 5.26130872873555 76.1216530367005
EDGE: 12 1 25 0 48.86772146804042 14.796251093005532 94.69048082618013
EDGE: 13 1 26 0 64.10292130495488 3.9341787457678175 37.54804346653893
EDGE: 14 1 27 0 78.94696692802394 3.7207147238018843 38.96959287821148
EDGE: 15 1 28 0 90.64344425493296 8.670277800955029 65.19796980447481
EDGE: 16 2 14 0 77.14919204272286 15.030665270008267 31.3694887706474
EDGE: 17 2 15 0 94.47262601081447 1.4734800806510653 50.39394924425832
EDGE: 18 2 16 0 69.08525790062791 19.56497337115923 65.20509688668926
EDGE: 19 2 17 0 64.40570204506417 14.695137504703325 41.04198088385775
EDGE: 20 2 18 0 37.00591016299674 10.05986266994243 64.97833667037678
EDGE: 21 2 19 0 95.15224834349846 18.80172025282474 55.786215032383424
EDGE: 22 2 20 0 19.56939425592121 5.519423425186637 68.40174488583227
EDGE: 23 2 21 0 23.902961275902484 16.05426237558035 63.755061419977665
EDGE: 24 2 22 0 10.257142165533121 12.753795962124594 66.53305779333238
EDGE: 25 2 23 0 93.39651891711988 5.29883387324481 20.56277411024947
EDGE: 26 2 24 0 45.726607947053 11.659230231546974 33.934842865260705
EDGE: 27 2 25 0 74.00562724849571 19.81724767295287 53.73061964643935
EDGE: 28 2 26 0 87.89026904396059 16.564252451863723 73.27319085179319
EDGE: 29 2 27 0 59.881282585186504 7.9372343538426975 13.191636056041748
EDGE: 30 2 28 0 46.00992081941083 4.716146662860368 81.26957053654877
EDGE: 31 3 14 0 56.69433287209827 14.851290927198582 55.0430845512045
EDGE: 32 3 15 0 37.59526597347167 1.7319783430177351 75.41989923684909
EDGE: 33 3 16 0 91.01338327556363 7.843429018558306 79.21064915884303
EDGE: 34 3 17 0 19.39590277897913 10.588371741330507 93.3948757329829
EDGE: 35 3 18 0 73.8581132908171 2.8730413577234617 94.18843180305592
EDGE: 36 3 19 0 12.275753372168635 7.474269066420245 39.5356588559701
EDGE: 37 3 20 0 23.467091696067286 15.215101589682694 94.5188215431086
EDGE: 38 3 21 0 96.25900049160862 4.580876247387828 55.358941770982725
EDGE: 39 3 22 0 14.819106281805702 7.605918718923746 39.176295547855545
EDGE: 40 3 23 0 94.53660541755141 13.653030628813502 33.48549244542448
EDGE: 41 3 24 0 55.947115473271076 14.093665871658263 91.5192043583299
EDGE: 42 3 25 0 57.72243594264442 14.876195739032585 66.9062096682743
EDGE: 43 3 26 0 23.583850174097268 14.542899167555017 43.97362651201321
EDGE: 44 3 27 0 72.14812339422217 2.4233087263838584 47.99977785018818
EDGE: 45 3 28 0 83.17815350304787 13.4922870933107 23.113333681125855
EDGE: 46 4 14 0 98.4856500464796 11.735697069002233 74.21596259488997
EDGE: 47 4 15 0 60.821112903404 2.8147711242900137 93.29992792912222
EDGE: 48 4 16 0 29.486771861150164 19.36228519821664 99.83861887195717
EDGE: 49 4 17 0 37.121028711011554 5.37937105007367 89.54724252914987
EDGE: 50 4 18 0 88.12832684530342 9.93130693331953 85.74247725086103
EDGE: 51 4 19 0 45.56631322313749 2.6638598554159456 42.774033750492144
EDGE: 52 4 20 0 89.95247428573518 15.578745641818278 31.557765944769987
EDGE: 53 4 21 0 20.41536770690277 10.017523169621754 53.10903561073791
EDGE: 54 4 22 0 75.89096678108842 13.907716465763485 17.156730771214427
EDGE: 55 4 23 0 81.65248243912679 17.023220916232276 19.412467361057452
EDGE: 56 4 24 0 74.3624688152221 12.303015217924061 42.87611949530076
EDGE: 57 4 25 0 97.0488628721882 9.157975377496149 15.678011387595845
EDGE: 58 4 26 0 13.932032510145335 5.175047863721051 20.389685286498462
EDGE: 59 4 27 0 93.86779684288544 6.701300049611509 57.479358672437435
EDGE: 60 4 28 0 20.321742290377394 8.45736108742011 18.64478044855352
EDGE: 61 5 14 0 55.2530719538722 4.5904854342371655 94.12536698979528
EDGE: 62 5 15 0 94.06164647312578 19.431994228741026 81.77710923514945
EDGE: 63 5 16 0 88.83966944403933 5.6720678918237475 94.68791087596824
EDGE: 64 5 17 0 77.56999757442645 1.7068667181378059 38.41766732497278
EDGE: 65 5 18 0 87.62580813814913 2.548696428213811 28.566457149331246
EDGE: 66 5 19 0 32.951866372010755 18.919426817787894 14.30598840132766
EDGE: 67 5 20 0 95.64541374240801 14.970614338594768 13.753456418289948
EDGE: 68 5 21 0 94.30521924082043 18.49077310688451 42.62369657620957
EDGE: 69 5 22 0 93.48006226584998 9.47097610113379 28.46460648168931
EDGE: 70 5 23 0 50.823498991502014 6.504471262366917 68.9624830923261
EDGE: 71 5 24 0 11.149458752619756 7.6942205496484934 44.29803849702465
EDGE: 72 5 25 0 19.483771235159573 10.534287341393728 50.340526830094696
EDGE: 73 5 26 0 78.41951820993866 10.616715479884387 21.586502608064542
EDGE: 74 5 27 0 78.6095093617576 10.995050348983003 50.181450901567246
EDGE: 75 5 28 0 25.06712533954407 16.608893727825652 40.106596531159056
EDGE: 76 6 14 0 86.09707546158721 7.3408654386851895 73.66986235095395
EDGE: 77 6 15 0 76.14060173590711 17.038101678612556 50.80913323785845
EDGE: 78 6 16 0 28.594960218903392 10.184900297423832 40.39753706884486
EDGE: 79 6 17 0 49.75498062834804 9.861373591123556 16.734674469309123
EDGE: 80 6 18 0 10.424843801012623 2.1649562946589898 43.71432309133959
EDGE: 81 6 19 0 87.46112118311558 19.407357934553605 63.7783054329323
EDGE: 82 6 20 0 93.5335347369482 10.129050202911964 78.69781701510857
EDGE: 83 6 21 0 89.72774165542961 1.2966067155091379 14.467723684957686
EDGE: 84 6 22 0 42.264872278341336 17.965219910099673 63.155872617999115
EDGE: 85 6 23 0 81.57544028792732 10.199452434779907 40.41869944440673
EDGE: 86 6 24 0 39.240613697355954 5.149775542325368 98.57601318001608
EDGE: 87 6 25 0 65.90173831851158 5.880688890066347 51.63195016724623
EDGE: 88 6 26 0 41.13940877810178 1.83821323972179 40.435809947051524
EDGE: 89 6 27 0 14.5362414866837 7.730274659820297 53.29552350668098
EDGE: 90 6 28 0 55.66291447234939 18.073014844286934 79.78826805734182
EDGE: 91 7 14 0 39.56495238970268 1.729278457259471 33.25672947664948
EDGE: 92 7 15 0 43.478073521348136 13.432542956451774 10.536325958923177
EDGE: 93 7 16 0 89.96282806599646 15.550283349420065 35.82769247516231
EDGE: 94 7 17 0 61.42469785691591 2.1952612726885716 99.31047812210794
EDGE: 95 7 18 0 71.07360912219681 3.2414745511881087 20.08858074835374
EDGE: 96 7 19 0 25.777332974391662 13.84348923621606 17.363625063595848
EDGE: 97 7 20 0 46.97601142846235 2.693620003317252 23.35259132796088
EDGE: 98 7 21 0 26.85053403233584 13.48091794032843 56.39719602551242
EDGE: 99 7 22 0 28.27533284999886 7.839169718422861 92.95671248383157
EDGE: 100 7 23 0 78.73656541083898 5.4880973073316905 52.73259803456918
EDGE: 101 7 24 0 40.35953586459033 9.28269315479334 12.042397380012154
EDGE: 102 7 25 0 10.46462967289035 16.490123606029705 16.74208697605705
EDGE: 103 7 26 0 19.65886859233361 15.811864888734076 37.49012068459763
EDGE: 104 7 27 0 47.37065442447328 19.460736056694294 96.95307216307589
EDGE: 105 7 28 0 97.94808978125566 6.988230727338778 20.671964562387984
EDGE: 106 8 14 0 43.96671820740546 17.537048613679996 50.73996143509944
EDGE: 107 8 15 0 57.23036094555885 18.76695844527926 64.18624804532496
EDGE: 108 8 16 0 32.09917141323346 16.86913006300982 36.017604534384446
EDGE: 109 8 17 0 90.2418624829937 17.84480288097088 40.238269096244366
EDGE: 110 8 18 0 90.68451524728893 2.5786575341654467 60.85035395197787
EDGE: 111 8 19 0 74.1162030030751 4.185500192782105 88.83122767565037
EDGE: 112 8 20 0 85.81210747170822 17.650854723114726 40.39086737650398
EDGE: 113 8 21 0 77.24767399877538 6.921808694835598 96.43141052643526
EDGE: 114 8 22 0 32.50273851050796 12.33394148298131 93.06267294914225
EDGE: 115 8 23 0 71.89243585721677 4.583416877071632 48.271653012623176
EDGE: 116 8 24 0 51.91216877374247 10.370304522217904 10.400564461036105
EDGE: 117 8 25 0 87.54666119045854 14.34993786941466 19.957191584121638
EDGE: 118 8 26 0 90.26867279549221 3.1336188394696673 97.46291408121645
EDGE: 119 8 27 0 82.6407275168718 10.778205433833554 36.53794164957475
EDGE: 120 8 28 0 38.3336401390219 13.49612694532961 23.229927506488416
EDGE: 121 9 14 0 94.58852215457135 4.203097114382807 49.71125206794226
EDGE: 122 9 15 0 12.674327614172004 16.000305358611513 82.90193515633516
EDGE: 123 9 16 0 80.730893019351 5.761094108134956 36.31924681330325
EDGE: 124 9 17 0 42.537802702038185 12.659128117001803 26.511769114720625
EDGE: 125 9 18 0 55.21234238675718 9.735805893629104 63.80475339098482
EDGE: 126 9 19 0 48.61513316941962 17.459152401323927 80.76528658478503
EDGE: 127 9 20 0 69.32999932240384 14.674672435649445 10.789934594484786
EDGE: 128 9 21 0 32.484923788345945 11.39064351601137 83.5241090043297
EDGE: 129 9 22 0 55.393956440775014 14.476062801491679 93.4416479917226
EDGE: 130 9 23 0 58.02520485174451 10.578953991067488 52.84462484759269
EDGE: 131 9 24 0 26.63801407269314 9.395992492120348 40.787622237444644
EDGE: 132 9 25 0 78.5828008932003 14.841382117087154 44.98734336612262
EDGE: 133 9 26 0 68.21989939678829 15.673677332447678 94.64749672854252
EDGE: 134 9 27 0 46.18917424358616 7.743723121447031 58.310649305908655
EDGE: 135 9 28 0 26.850033789998125 19.2251361733038 12.342786206468464
EDGE: 136 10 14 0 41.611872503068184 12.980734758213666 42.462998244364265
EDGE: 137 10 15 0 89.0878951653138 13.604074263871045 12.84985236277545
EDGE: 138 10 16 0 96.53058059623405 7.654735474512331 94.78765421684622
EDGE: 139 10 17 0 40.845053245667216 1.1792509119292047 69.55991655932411
EDGE: 140 10 18 0 31.626892407251816 10.776553103757957 48.354020675694734
EDGE: 141 10 19 0 63.133923871622926 12.227563998489678 95.31020175415408
EDGE: 142 10 20 0 16.876822108822502 5.063044088784494 18.529594702384955
EDGE: 143 10 21 0 91.6013196212174 11.392057370702913 77.85024914395031
EDGE: 144 10 22 0 62.83515878244531 19.855399628102703 77.50666055934451
EDGE: 145 10 23 0 99.88585155678874 2.7040824055677284 56.407479509191106
EDGE: 146 10 24 0 94.20067706768437 4.732460871738164 38.697742443743394
EDGE: 147 10 25 0 89.33823993112384 3.118821608620424 32.51605885450567
EDGE: 148 10 26 0 29.451320178448555 2.1432605508067515 85.413892967228
EDGE: 149 10 27 0 30.143613478199587 15.263400302374041 20.77313765977587
EDGE: 150 10 28 0 32.83837540004794 11.133007646399124 30.739896903056017
EDGE: 151 11 14 0 21.384839698143306 1.846800355810025 17.686507911807823
EDGE: 152 11 15 0 47.528726889082655 2.9867354547131333 58.02041509208071
EDGE: 153 11 16 0 60.08596375003215 1.9307998862772227 49.27777338364629
EDGE: 154 11 17 0 81.18424277030165 3.3648354580080118 53.87116615395188
EDGE: 155 11 18 0 91.77480707933614 2.0111513279290874 30.605056544237407
EDGE: 156 11 19 0 37.76735788315817 8.254687590608032 68.12919570541558
EDGE: 157 11 20 0 47.603794676445084 15.608221939615088 92.86933421275141
EDGE: 158 11 21 0 71.86190984275177 18.812613981043576 47.65628714618346
EDGE: 159 11 22 0 45.56807751578594 12.816314100993242 76.26845015070441
EDGE: 160 11 23 0 34.298307872794496 9.920368599850713 73.40959523020935
EDGE: 161 11 24 0 55.86000230816456 11.010880551434845 59.262869213548534
EDGE: 162 11 25 0 20.37207128817117 13.03038748757965 12.693542401247234
EDGE: 163 11 26 0 62.89899712749521 15.662859989467083 37.41724740640713
EDGE: 164 11 27 0 94.44482848411988 4.624010152239796 41.00705307555749
EDGE: 165 11 28 0 69.07593510283537 17.959346063909116 37.48185094966858
EDGE: 166 12 14 0 77.21681263905003 18.356901765367862 90.40020541321849
EDGE: 167 12 15 0 27.751038701919274 13.679810219811253 84.8779302150715
EDGE: 168 12 16 0 34.459940294158656 10.715883206920989 83.75431742286473
EDGE: 169 12 17 0 85.544386126555 12.527099216209498 95.25106219197913
EDGE: 170 12 18 0 58.50051102851884 2.7613981634981997 46.89958113947329
EDGE: 171 12 19 0 96.45808301663122 11.862421974802814 53.256569356132786
EDGE: 172 12 20 0 26.24061104003974 18.279827869117966 22.984263731676347
EDGE: 173 12 21 0 92.86916165365064 8.543550115591199 54.24103731776143
EDGE: 174 12 22 0 40.00727963809213 8.419877455297042 96.00957653772922
EDGE: 175 12 23 0 90.93226750777455 13.315444715166407 76.98403845078477
EDGE: 176 12 24 0 30.018483236720115 14.637250586782658 42.94424630931315
EDGE: 177 12 25 0 60.43120135426631 17.952531237155867 98.16407248059882
EDGE: 178 12 26 0 79.75498737018914 9.521831111925122 46.3328608285553
EDGE: 179 12 27 0 11.618384179392766 3.1018443719787356 11.71282385610657
EDGE: 180 12 28 0 88.02716930813418 18.831591659946607 51.81204798787901
EDGE: 181 13 14 0 84.0812735390884 3.5262529858489753 98.72179851600607
EDGE: 182 13 15 0 14.025839663833702 11.807444658189452 57.4485692152456
EDGE: 183 13 16 0 95.17485692848734 5.196995834529388 26.06536142038496
EDGE: 184 13 17 0 84.14612563115722 1.593259806869685 44.31335750065412
EDGE: 185 13 18 0 98.05921528635865 4.434733287135392 44.40430786562052
EDGE: 186 13 19 0 91.87351307745888 4.3352630597359845 80.20558560032612
EDGE: 187 13 20 0 11.881273475370591 13.048346423297652 68.73395307326007
EDGE: 188 13 21 0 94.521057883173 4.285035627279566 70.94082887260657
EDGE: 189 13 22 0 99.1397596959663 7.170693137374287 87.14086167149277
EDGE: 190 13 23 0 63.10686844924963 19.980333854897502 96.11736741832085
EDGE: 191 13 24 0 37.77247256986577 12.24054482716507 55.93224916909739
EDGE: 192 13 25 0 24.160914690187134 10.327946652361552 38.774703379006894
EDGE: 193 13 26 0 28.00489327367804 8.329921369797123 71.80213479568516
EDGE: 194 13 27 0 94.75020709575394 10.162811468556042 30.858356170673527
EDGE: 195 13 28 0 16.499207260474194 9.766041308866033 14.19828518419747
EDGE: 196 14 29 0 14.511435377321082 15.607605629397902 18.90498535496619
EDGE: 197 14 30 0 72.84281117128305 12.74710906077183 33.554046374387696
EDGE: 198 14 31 0 50.980106929136625 18.307033608219303 16.861930076928658
EDGE: 199 14 32 0 25.915359416076186 3.4011556396506224 43.54908282612749
EDGE: 200 14 33 0 47.005259197761816 3.3610240737443426 25.455187278599958
EDGE: 201 14 34 0 90.17340926239855 14.487151452937661 88.06313634396876
EDGE: 202 14 35 0 61.53880965932868 15.531066203285217 60.01993304033669
EDGE: 203 14 36 0 94.39172896949438 14.687613470964854 55.98681622572652
EDGE: 204 14 37 0 47.588592687405736 4.043888772334006 31.20762870511536
EDGE: 205 14 38 0 77.90034456989135 8.191919518626253 29.553522137125594
EDGE: 206 14 39 0 83.62417316266949 16.066717029055745 55.483761822972454
EDGE: 207 14 40 0 91.85636636696381 5.0195535496858765 54.3565385179191
EDGE: 208 14 41 0 87.22445325010766 2.6783112895420382 84.83031520336021
EDGE: 209 14 42 0 35.589668738781235 2.28249932327542 31.715389281028546
EDGE: 210 14 43 0 32.25619371090798 6.910017873938846 17.56700673650125
EDGE: 211 14 44 0 20.561489127196047 7.335999689787744 96.55547216409809
EDGE: 212 14 45 0 93.37245611647464 7.181043538920357 34.70535907335497
EDGE: 213 14 46 0 66.97500706198413 5.516901878495337 66.46508094102842
EDGE: 214 14 47 0 74.1200786145469 5.202175108277598 28.749674682339254
EDGE: 215 14 48 0 30.576950994081578 7.91880613566071 80.09385564000227
EDGE: 216 14 49 0 17.445186920996264 2.1721635260724295 74.35897470186829
EDGE: 217 14 50 0 49.68931993926851 15.40323937951716 65.55671734304411
EDGE: 218 15 29 0 49.885887385441464 5.84098907948956 42.78395497862551
EDGE: 219 15 30 0 25.010264353582546 5.796067964983164 22.00736727620829
EDGE: 220 15 31 0 53.24110960609288 6.764229139252629 84.49303581554337
EDGE: 221 15 32 0 87.22320050131985 17.968372781660193 60.04539804825918
EDGE: 222 15 33 0 50.00474208920442 18.822743607565673 36.901558148856736
EDGE: 223 15 34 0 69.95320474856294 12.25100261827058 69.12109473528123
EDGE: 224 15 35 0 51.35406530891828 17.831901544861513 66.61818993770898
EDGE: 225 15 36 0 78.10976807806374 8.382025478059472 72.60196226969339
EDGE: 226 15 37 0 28.981586100297722 15.814562325024939 18.12261493169229
EDGE: 227 15 38 0 34.154963293391134 18.936298166709484 13.66508030043523
EDGE: 228 15 39 0 64.55930791618472 19.262035781299474 93.2885427893686
EDGE: 229 15 40 0 67.33609246767878 3.9363680332897837 77.67930387788837
EDGE: 230 15 41 0 33.12451607024419 4.457234550984527 18.666137523585846
EDGE: 231 15 42 0 33.42186643433019 1.0939327066684372 69.2414144830615
EDGE: 232 15 43 0 89.17612255511548 9.684242090204561 89.9378945294562
EDGE: 233 15 44 0 74.98119795661404 1.881069867616334 74.53025517730465
EDGE: 234 15 45 0 96.77066766294378 11.898510840906297 35.462046407005346
EDGE: 235 15 46 0 14.743654338536683 3.3804604924940467 72.14291348839353
EDGE: 236 15 47 0 37.40699148125583 1.1819135966825132 33.317553985896865
EDGE: 237 15 48 0 77.08063300901364 5.613821147775647 48.07704012398208
EDGE: 238 15 49 0 31.98868254973697 6.0568649561160335 48.764750023748086
EDGE: 239 15 50 0 55.146333334369785 13.797767497251595 33.02333024789013
EDGE: 240 16 29 0 75.65333753799338 17.48372670877536 71.53569399709832
EDGE: 241 16 30 0 93.71758349732404 14.72632247774927 42.63227083292609
EDGE: 242 16 31 0 56.75771039610959 11.115727490853558 74.86830076268002
EDGE: 243 16 32 0 70.27157356926381 15.22929597672722 13.919160038591723
EDGE: 244 16 33 0 23.80780696630984 6.135603902213377 70.69829681418784
EDGE: 245 16 34 0 69.34057171887619 7.405744229823642 33.47153096111599
EDGE: 246 16 35 0 56.6229921081447 8.748186202217607 27.923099769256876
EDGE: 247 16 36 0 57.68268340112003 15.081738178252628 95.62297832808997
EDGE: 248 16 37 0 20.52314856170542 16.153151772504188 73.15163256705284
EDGE: 249 16 38 0 40.30770163585933 19.69165254315448 91.25749969803005
EDGE: 250 16 39 0 44.82800355160172 14.572155732665074 65.85417941057385
EDGE: 251 16 40 0 19.897139736097884 5.532196504692813 30.40836918315702
EDGE: 252 16 41 0 69.45761742920482 4.654565719136144 92.32632242670894
EDGE: 253 16 42 0 94.65747246691105 8.088406944471767 74.31565324406102
EDGE: 254 16 43 0 65.92315639086132 16.33601573413743 25.381030538883614
EDGE: 255 16 44 0 62.145684371089644 15.880816503843125 65.10638858619724
EDGE: 256 16 45 0 41.496972403326964 3.9739991384804565 99.18295494803934
EDGE: 257 16 46 0 79.1061545953531 18.0330252025334 63.76151628418004
EDGE: 258 16 47 0 37.85106744712468 11.334718101619401 61.13900741064297
EDGE: 259 16 48 0 79.85797494148986 19.50888376489077 99.53361295094052
EDGE: 260 16 49 0 87.95301684159949 12.75540887495777 65.25926565118945
EDGE: 261 16 50 0 88.27172846462553 2.718516407254683 56.479492290595466
EDGE: 262 17 29 0 27.50838249426947 19.556363457691035 13.902286791759284
EDGE: 263 17 30 0 70.87481260248417 8.942394206529762 15.27173998031656
EDGE: 264 17 31 0 69.73871564867824 19.526863199049032 17.318879171064538
EDGE: 265 17 32 0 71.12438042594836 4.772684396929149 40.95323845624206
EDGE: 266 17 33 0 14.784172597273779 6.059245897145838 72.90839398952956
EDGE: 267 17 34 0 37.38691895121506 1.521089121506554 49.79875058368968
EDGE: 268 17 35 0 27.51985433290713 16.255322079861905 58.60161464548245
EDGE: 269 17 36 0 39.66357498422674 7.292397428270818 50.947615433951725
EDGE: 270 17 37 0 90.07487952387866 7.0793650007478615 77.28428441188375
EDGE: 271 17 38 0 62.60027358921283 4.17296219720877 90.9716365473197
EDGE: 272 17 39 0 27.84329172784151 11.381883665128344 41.675355012533984
EDGE: 273 17 40 0 24.82167192624322 14.73332989328015 62.042196458603854
EDGE: 274 17 41 0 50.27584308655018 13.368409506519608 21.574000099947874
EDGE: 275 17 42 0 67.12803847662977 3.79423299141696 96.8606932874968
EDGE: 276 17 43 0 60.24173999406241 13.837502772635592 17.889474182180276
EDGE: 277 17 44 0 94.59411448267521 12.155170278931418 46.01633652280792
EDGE: 278 17 45 0 58.24937353436666 19.26220825016888 10.367872400179643
EDGE: 279 17 46 0 10.109006716917646 11.734790685367154 65.93536762806642
EDGE: 280 17 47 0 30.315138285954284 16.539173607233938 68.42983482258033
EDGE: 281 17 48 0 29.396187853385385 2.3222989087072974 48.085799594461115
EDGE: 282 17 49 0 70.76938844084665 18.979648233093446 67.03330229203303
EDGE: 283 17 50 0 40.052651544353715 19.889105141342572 52.601674683941695
EDGE: 284 18 29 0 73.78856710981856 7.866586188010283 11.975335974028637
EDGE: 285 18 30 0 49.64632060334261 16.159933625687245 61.99097002771927
EDGE: 286 18 31 0 59.942625487105964 16.652065338843855 21.547096242926845
EDGE: 287 18 32 0 10.410710470846043 10.892608803820274 93.09117379231942
EDGE: 288 18 33 0 66.54673488927878 1.6192481335266657 23.956036642040793
EDGE: 289 18 34 0 30.575971173965264 11.065744974361007 17.93659787596183
EDGE: 290 18 35 0 83.10640364770121 2.5830993459434604 62.42936228438374
EDGE: 291 18 36 0 24.87534147239255 12.923544772658717 86.70150952657
EDGE: 292 18 37 0 85.64502533858901 18.954076476637837 52.41283592357186
EDGE: 293 18 38 0 39.266061288408736 8.576940739606274 18.383120351542942
EDGE: 294 18 39 0 66.2029495429664 19.239021022922387 17.77897368541371
EDGE: 295 18 40 0 77.40385054464122 18.610285436718197 37.38851175783099
EDGE: 296 18 41 0 66.29710765550234 12.803457102350265 55.458711678024144
EDGE: 297 18 42 0 78.90997033239417 5.892817436292885 56.68955071514936
EDGE: 298 18 43 0 65.63029365170812 3.469527200295599 20.410590164858903
EDGE: 299 18 44 0 91.96996447601389 5.544118978254557 70.70986214037907
EDGE: 300 18 45 0 49.8391142275652 10.273775347748447 25.341527801328233
EDGE: 301 18 46 0 75.3031114976985 12.752781722295264 73.60792051316777
EDGE: 302 18 47 0 63.569722302662335 3.4590033948018943 82.09324804208774
EDGE: 303 18 48 0 47.04168303655809 10.897505871501647 91.12032232691466
EDGE: 304 18 49 0 77.67036104140416 7.524412526230284 24.108404068126937
EDGE: 305 18 50 0 60.55904476130465 14.169841310230021 36.62929192686801
EDGE: 306 19 29 0 61.78979147968251 19.90825525995316 61.89050390333652
EDGE: 307 19 30 0 49.785677725467146 3.647802402660912 24.618517878788964
EDGE: 308 19 31 0 46.1706624275286 6.627212198199416 95.87164384819651
EDGE: 309 19 32 0 59.052171627213056 1.519562122014963 87.18132078738671
EDGE: 310 19 33 0 68.9269057934211 12.9467121187976 73.60215793523652
EDGE: 311 19 34 0 44.99826591101477 19.906454750323803 61.7452946349796
EDGE: 312 19 35 0 17.594179120394465 13.906417462263805 10.67622707317977
EDGE: 313 19 36 0 80.58698413827192 5.484497207129746 80.6773977491538
EDGE: 314 19 37 0 26.24246329005587 8.275093377429847 27.30751065742103
EDGE: 315 19 38 0 13.762942257993846 19.853658954813085 45.93363614042668
EDGE: 316 19 39 0 41.93984321962521 9.259073179816163 54.968863759765505
EDGE: 317 19 40 0 85.79387955741463 7.35408246994208 94.41733878801496
EDGE: 318 19 41 0 76.85655469767337 8.038549285691591 60.01021005115378
EDGE: 319 19 42 0 76.83447347762933 7.778493712933476 32.210133416550065
EDGE: 320 19 43 0 74.79834731189746 9.955898936998587 33.66861814759775
EDGE: 321 19 44 0 58.75152797781151 4.1800013295149405 58.33964715227436
EDGE: 322 19 45 0 53.458233874115464 19.930267976083865 10.38465220360505
EDGE: 323 19 46 0 97.74955036499517 6.724519061641166 81.2480292021719
EDGE: 324 19 47 0 36.175686354102794 10.4226317531241 38.83907864148185
EDGE: 325 19 48 0 51.83582571899635 9.287018736577915 83.62533134395603
EDGE: 326 19 49 0 29.49234135137835 5.0255497718182305 52.62393613832745
EDGE: 327 19 50 0 90.66401388774156 11.240842790925573 53.77182124214301
EDGE: 328 20 29 0 55.29327042269681 16.501834713407334 59.962109097156485
EDGE: 329 20 30 0 67.79537751202598 16.639284122979532 94.15329187077639
EDGE: 330 20 31 0 88.82289908147473 19.846353152398823 14.389389595737917
EDGE: 331 20 32 0 37.91663319790804 3.738660389905616 80.31342261201594
EDGE: 332 20 33 0 46.36459827095122 12.695177613128626 10.81315261688484
EDGE: 333 20 34 0 94.05357385834635 14.562100877083102 65.80726000502173
EDGE: 334 20 35 0 78.87306230216196 11.156308271465385 33.861659728635495
EDGE: 335 20 36 0 62.31944696621094 5.953258192185283 41.31988779594431
EDGE: 336 20 37 0 10.348487000243784 4.8861840923513595 37.93809523093983
EDGE: 337 20 38 0 64.23720924763217 1.3191698478406932 18.634318724182286
EDGE: 338 20 39 0 22.24163858081978 13.986198734702386 80.89335731336672
EDGE: 339 20 40 0 99.17467809708883 4.011488638813362 82.61271189388314
EDGE: 340 20 41 0 27.678874609191833 15.043447101485944 75.73169952326694
EDGE: 341 20 42 0 61.931674091660874 12.045294278613463 76.85495822413243
EDGE: 342 20 43 0 61.796161295985165 2.389912062497386 97.2632658760268
EDGE: 343 20 44 0 13.018194331863638 3.604713270455476 51.19867412434309
EDGE: 344 20 45 0 76.97117731571899 18.404316802970317 43.11759546083212
EDGE: 345 20 46 0 91.66269824599627 14.534558769670133 11.724718978485472
EDGE: 346 20 47 0 74.24253700255913 10.430860394519922 81.03212847418948
EDGE: 347 20 48 0 24.08954491486881 15.767214722827605 56.43224775092325
EDGE: 348 20 49 0 84.70521573365211 3.639051990722036 96.82983446162484
EDGE: 349 20 50 0 92.10467495322904 6.3839767484833905 22.247386804853257
EDGE: 350 21 29 0 77.17124052914806 19.89886818031727 69.99996452495563
EDGE: 351 21 30 0 49.52855655873824 1.7600773007080872 41.52959319642868
EDGE: 352 21 31 0 70.88469314004232 13.495444511951026 86.29601675960015
EDGE: 353 21 32 0 56.51552564519085 18.992603758164627 98.73974999629468
EDGE: 354 21 33 0 34.580092005704394 4.257529545586589 69.26498708730702
EDGE: 355 21 34 0 74.29848669719912 14.560536555211124 30.434081370944536
EDGE: 356 21 35 0 75.67324662032983 4.423910321086586 55.121953845081315
EDGE: 357 21 36 0 35.398143825620785 18.916121518673073 84.2479178474007
EDGE: 358 21 37 0 95.87357759998787 5.32203490944046 57.884052872987844
EDGE: 359 21 38 0 66.83573737813009 14.456796307150487 15.03340555191324
EDGE: 360 21 39 0 92.00705835085986 9.683049289234122 34.17792700087816
EDGE: 361 21 40 0 66.38839590505955 1.0768909205059813 28.815206609986028
EDGE: 362 21 41 0 53.33874145549032 5.167464163006119 29.63469259512394
EDGE: 363 21 42 0 24.426151925108837 14.248317788007435 67.72824359473573
EDGE: 364 21 43 0 49.18402500709286 7.42567476008884 71.28648627828392
EDGE: 365 21 44 0 76.36968099962836 17.329473526186707 71.601582820104
EDGE: 366 21 45 0 43.097641454748675 1.767550797750423 22.878687456414667
EDGE: 367 21 46 0 13.307844076030573 12.551572263279963 94.35248053218102
EDGE: 368 21 47 0 72.42949535579268 16.26531214450121 92.51181740559308
EDGE: 369 21 48 0 70.81405975197606 16.88162087174558 75.85467807798159
EDGE: 370 21 49 0 14.536364114180746 12.863915426359192 94.52723670389864
EDGE: 371 21 50 0 68.50061525463377 9.71126803841275 82.44500564420112
EDGE: 372 22 29 0 73.4385646318047 9.823163864034631 90.0506719352746
EDGE: 373 22 30 0 25.349938092797508 2.0707325591207386 51.73235047044153
EDGE: 374 22 31 0 83.21060598651836 17.565764024656872 13.107647183411013
EDGE: 375 22 32 0 88.36191638903739 1.8170417964746255 79.87305650550911
EDGE: 376 22 33 0 66.89493843991642 1.7555453150293512 51.72486264145679
EDGE: 377 22 34 0 64.55632002452032 14.995786395382687 61.976822810662675
EDGE: 378 22 35 0 12.2278101714498 16.180060379155638 65.93162066613706
EDGE: 379 22 36 0 38.86938445214035 19.32562205344023 38.80714420908515
EDGE: 380 22 37 0 87.9663480768899 6.76178944663503 37.07531813275426
EDGE: 381 22 38 0 72.98362339218966 2.5047305279493184 15.440380931472383
EDGE: 382 22 39 0 27.105870674964006 8.772162406278639 55.36509267915654
EDGE: 383 22 40 0 62.629934277868536 10.788457511463347 20.04751483860951
EDGE: 384 22 41 0 25.77654342520375 1.072619528128961 85.05769466877953
EDGE: 385 22 42 0 43.401051265476404 6.0373527228217965 23.462628679409715
EDGE: 386 22 43 0 39.10840260574015 15.95693069535826 39.19961680500853
EDGE: 387 22 44 0 87.61541705265704 18.18481979473091 82.70220686897322
EDGE: 388 22 45 0 47.85383860807143 5.918989680836764 88.33956730856404
EDGE: 389 22 46 0 37.27053167230148 1.8236107894446965 14.09930564452957
EDGE: 390 22 47 0 22.056569491403017 18.42030347140705 70.1253434005913
EDGE: 391 22 48 0 60.62483810609327 7.360367402721834 84.21663945129764
EDGE: 392 22 49 0 40.55621375849698 18.481395864315193 39.19916351051451
EDGE: 393 22 50 0 72.44721696689703 8.937437600488451 89.20267768423173
EDGE: 394 23 29 0 57.61746838519654 14.671342082931327 59.30552903293316
EDGE: 395 23 30 0 40.47313869458655 9.07118546165691 65.75478321498659
EDGE: 396 23 31 0 90.47299905390635 8.819655193381587 62.0256706998606
EDGE: 397 23 32 0 73.10654886727474 18.706010089476692 49.3534767717858
EDGE: 398 23 33 0 94.06909086798638 16.524743475761564 79.05263496988006
EDGE: 399 23 34 0 15.90654110751192 10.133292072672656 97.9318847530641
EDGE: 400 23 35 0 71.8031054770845 11.283153161306846 97.42110372199649
EDGE: 401 23 36 0 16.897883127130974 1.9744908614814396 21.644416321090006
EDGE: 402 23 37 0 93.54183781736714 10.813823191925438 69.60596577538598
EDGE: 403 23 38 0 33.24445642527601 3.1776088501816697 81.89876021349944
EDGE: 404 23 39 0 94.70981370280691 15.901560892587426 92.90373821668665
EDGE: 405 23 40 0 54.32467585384557 3.726236896005882 75.31525047170798
EDGE: 406 23 41 0 72.73659397884447 10.833966487025936 75.01088623088404
EDGE: 407 23 42 0 48.74794889433453 14.510408249351219 90.77764391492254
EDGE: 408 23 43 0 59.652148602807706 11.25601945251468 25.21309985485216
EDGE: 409 23 44 0 15.35123482533551 11.558474634249638 40.23941689676631
EDGE: 410 23 45 0 82.11937373848039 17.016547424563534 63.09959847782765
EDGE: 411 23 46 0 90.71477234186338 5.579222535669737 36.44960070390853
EDGE: 412 23 47 0 72.6927917598745 17.330795318811465 69.21652083732559
EDGE: 413 23 48 0 58.23603379410669 6.513450369101413 23.262232958861702
EDGE: 414 23 49 0 78.59252133319556 10.333316938129636 94.57346932311809
EDGE: 415 23 50 0 56.300965889590465 18.54422614616684 56.69350674769761
EDGE: 416 24 29 0 56.7825648481303 3.8454012113337237 58.41725627950005
EDGE: 417 24 30 0 75.59158910795155 15.765041357072878 47.39064722563428
EDGE: 418 24 31 0 96.64247823922119 6.931260286154409 76.18693654116521
EDGE: 419 24 32 0 88.06900695513146 5.455083373308024 47.67659406848438
EDGE: 420 24 33 0 44.02148723226385 7.567190065693757 82.06416383463322
EDGE: 421 24 34 0 62.67089261232233 5.660841949837907 28.83456444991802
EDGE: 422 24 35 0 42.96411438593944 12.497925173258228 43.03296533883427
EDGE: 423 24 36 0 45.26252757579981 15.533269157420854 96.79653803215655
EDGE: 424 24 37 0 23.896376269752324 2.1044126662161107 13.862953931881558
EDGE: 425 24 38 0 52.88041893929078 4.619714977666005 46.89973127397543
EDGE: 426 24 39 0 59.56161447793288 18.857211619861836 24.93008247592165
EDGE: 427 24 40 0 94.8076041131749 9.059852087453137 60.87513540069334
EDGE: 428 24 41 0 22.495023173136964 4.679748989059278 87.28898179531757
EDGE: 429 24 42 0 25.519678349347263 9.384813056263994 51.732173940637196
EDGE: 430 24 43 0 60.32593484794509 14.295640708939947 81.91094445526262
EDGE: 431 24 44 0 37.04059686909921 10.368754473971437 44.703526680117875
EDGE: 432 24 45 0 97.69692766854527 11.384305186524436 42.50162482982662
EDGE: 433 24 46 0 10.747353347518033 7.132070241709013 44.91421818619826
EDGE: 434 24 47 0 16.088816759154714 17.119082532934982 13.812506167144411
EDGE: 435 24 48 0 21.162556376911134 1.4454723655151103 24.938984892228014
EDGE: 436 24 49 0 25.340594803220952 17.41207946845495 39.86021251682293
EDGE: 437 24 50 0 76.7739862167399 8.934156813860248 57.91204638806918
EDGE: 438 25 29 0 43.153370238360594 8.939959903471555 48.967718238933536
EDGE: 439 25 30 0 85.42019569736101 2.6312720709465336 14.353267417344329
EDGE: 440 25 31 0 71.36739591371841 17.774898437897985 55.04151351365054
EDGE: 441 25 32 0 64.28121545683582 9.079912052157708 63.37484494081102
EDGE: 442 25 33 0 70.30120899406255 5.1949166405502964 36.99880606354512
EDGE: 443 25 34 0 97.01341463761307 7.9328503057436865 91.43253291973198
EDGE: 444 25 35 0 14.941990402000638 16.99782062512448 50.758795379370966
EDGE: 445 25 36 0 13.067604714987652 12.749235326824628 44.28549156913463
EDGE: 446 25 37 0 29.27615988876658 6.392956811467373 70.71210837853029
EDGE: 447 25 38 0 46.72940740928933 12.437464615603524 70.32881597962175
EDGE: 448 25 39 0 67.54931167220158 19.295009060300934 70.08244150423587
EDGE: 449 25 40 0 65.92100989297376 8.543455748701064 85.96281141161114
EDGE: 450 25 41 0 73.7445234961857 10.59405024794567 62.09447472522889
EDGE: 451 25 42 0 23.303306116345183 8.333534785161342 26.16306680790498
EDGE: 452 25 43 0 43.068112534187314 8.726072743251954 26.362129936710428
EDGE: 453 25 44 0 74.71752533485876 9.371161833213495 85.91540656895967
EDGE: 454 25 45 0 61.73190518935185 1.6182109948461694 27.411222458540244
EDGE: 455 25 46 0 92.50540634088252 16.036707729091447 10.679756714054689
EDGE: 456 25 47 0 63.8210734266773 4.832879133729 44.75057746080855
EDGE: 457 25 48 0 33.74696953255249 19.189506608632907 26.5470289420606
EDGE: 458 25 49 0 56.536608042459264 17.485040338358584 46.405666047804324
EDGE: 459 25 50 0 35.954948675362104 7.921397332032665 83.25303792788446
EDGE: 460 26 29 0 57.601483518209484 13.256829026962484 50.32884288877002
EDGE: 461 26 30 0 35.26496064065734 11.100978117788104 45.713541286695616
EDGE: 462 26 31 0 91.11958419367856 4.583740217673613 30.600204587196515
EDGE: 463 26 32 0 74.66045955397693 19.15778833713931 72.24447185674268
EDGE: 464 26 33 0 70.67646048778434 13.83660867840546 87.83319560404942
EDGE: 465 26 34 0 62.27154223802081 2.3056391353820747 80.13140546475921
EDGE: 466 26 35 0 50.970950703911214 18.073596029209554 65.69896282176958
EDGE: 467 26 36 0 12.286665464783367 18.154311219748088 11.712323766485007
EDGE: 468 26 37 0 91.76676598212934 14.686402898150321 67.9835500251694
EDGE: 469 26 38 0 23.51636000654559 7.40883624247252 26.637768299928528
EDGE: 470 26 39 0 80.45307058203717 18.014927266221928 23.09200915847243
EDGE: 471 26 40 0 83.14795304994813 2.105585356501417 38.47240578131456
EDGE: 472 26 41 0 62.00314902380643 10.754582846438538 65.4134505677362
EDGE: 473 26 42 0 75.73042486652676 12.584376984067164 16.30209206416325
EDGE: 474 26 43 0 27.620190259476058 11.730506701601325 15.461132557234045
EDGE: 475 26 44 0 39.92840795117128 4.145830914610183 64.51049837734104
EDGE: 476 26 45 0 25.859279731521823 8.362859328796407 43.201631915051244
EDGE: 477 26 46 0 18.084421664828454 18.093176950127322 36.38934635884219
EDGE: 478 26 47 0 42.51464759565933 19.89745052039689 31.487169584934044
EDGE: 479 26 48 0 36.128403566538445 2.6077493196949564 79.7463255594254
EDGE: 480 26 49 0 18.06123110784631 11.225903714212274 39.005135151302795
EDGE: 481 26 50 0 53.87357883860178 6.657373240953916 25.174766084401924
EDGE: 482 27 29 0 33.93963230950262 8.869573598063333 54.65890778379717
EDGE: 483 27 30 0 18.237759164817433 7.886872443766668 50.149093779594075
EDGE: 484 27 31 0 91.4735189526299 15.45144284660165 47.7939884745176
EDGE: 485 27 32 0 84.42911179503712 18.189909554714113 34.610177510134776
EDGE: 486 27 33 0 99.70852230620702 7.730215162189435 81.18355395482374
EDGE: 487 27 34 0 12.635466686647323 13.411381504273978 86.20459392647017
EDGE: 488 27 35 0 80.96172471254407 4.020817332482856 96.1874504776154
EDGE: 489 27 36 0 10.256229948866677 17.379588508716584 55.84188104475727
EDGE: 490 27 37 0 85.37076706564247 1.5755369611236816 81.9987425458225
EDGE: 491 27 38 0 92.2159614221863 10.217392984557733 26.73386705627418
EDGE: 492 27 39 0 48.23165768085524 7.250010141353748 13.391812644805121
EDGE: 493 27 40 0 94.39868260718401 19.63159218536264 92.5800900371973
EDGE: 494 27 41 0 26.41434558495574 9.528281057443062 43.88613845877853
EDGE: 495 27 42 0 67.74196942227883 17.629715114738325 13.063429171528359
EDGE: 496 27 43 0 12.645097451116888 10.731146226574667 23.73976978050213
EDGE: 497 27 44 0 83.02990203962672 9.86347245994457 77.31994773582392
EDGE: 498 27 45 0 78.94478211159644 14.982007772614637 44.68657593851013
EDGE: 499 27 46 0 28.92392292596298 6.548070524643902 28.547065105748434
EDGE: 500 27 47 0 93.01208108551081 5.2544565133891385 45.8313483124826
EDGE: 501 27 48 0 98.27068003145796 5.656610402486021 35.41408954905988
EDGE: 502 27 49 0 73.84072167841796 4.575792407134122 47.61677310519749
EDGE: 503 27 50 0 70.22591228836163 9.838792005270092 68.43917475031647
EDGE: 504 28 29 0 25.359773219316224 17.210716304915575 83.27640118645436
EDGE: 505 28 30 0 18.233422846547985 8.263142347086898 91.99678480554121
EDGE: 506 28 31 0 89.38607818134632 11.399397298782146 89.68760670808155
EDGE: 507 28 32 0 56.39823677031758 11.33198274354819 85.1196950928637
EDGE: 508 28 33 0 81.67788490334136 14.974146922788455 42.038661975969575
EDGE: 509 28 34 0 89.29296649534488 2.9683578665309467 96.75962783897296
EDGE: 510 28 35 0 17.37873018918304 19.92890916816498 99.22394508867617
EDGE: 511 28 36 0 12.736485122890118 2.9241459850580194 23.67056521010287
EDGE: 512 28 37 0 14.64065526591529 4.765789783916074 99.38136156044015
EDGE: 513 28 38 0 25.58394493175944 18.30856356503164 81.57879650259169
EDGE: 514 28 39 0 57.71579197818515 8.192845856809651 17.48604941177735
EDGE: 515 28 40 0 15.067200281445709 10.286287663711178 82.80378048321573
EDGE: 516 28 41 0 33.3054033705146 2.497346543108396 49.414409382913114
EDGE: 517 28 42 0 60.72473330718884 6.644416511264269 65.9938734193689
EDGE: 518 28 43 0 26.45543766319729 3.668734014984718 89.39253847040382
EDGE: 519 28 44 0 74.46009263007338 1.6774802488391036 76.14098574437642
EDGE: 520 28 45 0 74.78763752853197 5.095491954943548 10.243134593739757
EDGE: 521 28 46 0 36.76795220008166 11.589728302611402 65.53823063850797
EDGE: 522 28 47 0 42.355299212456124 10.4101522183666 18.344907006385245
EDGE: 523 28 48 0 61.6668253056536 12.363903522960415 98.84463887036682
EDGE: 524 28 49 0 26.912720055530134 8.806649404039655 17.71859445621361
EDGE: 525 28 50 0 85.37751873944696 4.7957342397415275 77.92097434547283
