NAME : null
NBR_NODES : 50
NBR_EDGES : 49
T : 60.397682316525476
# NODE: i x_i y_i b_i g_i s_i
# x_i, y_i : x, y of node i
# b_i : demand of node_i, <0 for depot, >0 for client, =0 for platforms
# g_i : cost for using node i, >0 only for platforms
# s_i : time for crossing node _i, >0 only for platforms
NODE: 1 10 10 -9 0.0 0.0
NODE: 2 10 20 -12 0.0 0.0
NODE: 3 10 30 -10 0.0 0.0
NODE: 4 10 40 -9 0.0 0.0
NODE: 5 10 50 -20 0.0 0.0
NODE: 6 10 60 -19 0.0 0.0
NODE: 7 10 70 -21 0.0 0.0
NODE: 8 10 80 -21 0.0 0.0
NODE: 9 10 90 -13 0.0 0.0
NODE: 10 10 100 -21 0.0 0.0
NODE: 11 10 110 -19 0.0 0.0
NODE: 12 10 120 -11 0.0 0.0
NODE: 13 10 130 -19 0.0 0.0
NODE: 14 10 140 -12 0.0 0.0
NODE: 15 10 150 -21 0.0 0.0
NODE: 16 10 160 -13 0.0 0.0
NODE: 17 50 10 0 16.413947046107022 69.51991670167112
NODE: 18 100 10 4 0.0 0.0
NODE: 19 100 20 9 0.0 0.0
NODE: 20 100 30 9 0.0 0.0
NODE: 21 100 40 6 0.0 0.0
NODE: 22 100 50 8 0.0 0.0
NODE: 23 100 60 4 0.0 0.0
NODE: 24 100 70 6 0.0 0.0
NODE: 25 100 80 7 0.0 0.0
NODE: 26 100 90 10 0.0 0.0
NODE: 27 100 100 8 0.0 0.0
NODE: 28 100 110 7 0.0 0.0
NODE: 29 100 120 5 0.0 0.0
NODE: 30 100 130 8 0.0 0.0
NODE: 31 100 140 5 0.0 0.0
NODE: 32 100 150 4 0.0 0.0
NODE: 33 100 160 4 0.0 0.0
NODE: 34 100 170 4 0.0 0.0
NODE: 35 100 180 6 0.0 0.0
NODE: 36 100 190 4 0.0 0.0
NODE: 37 100 200 9 0.0 0.0
NODE: 38 100 210 9 0.0 0.0
NODE: 39 100 220 8 0.0 0.0
NODE: 40 100 230 10 0.0 0.0
NODE: 41 100 240 8 0.0 0.0
NODE: 42 100 250 7 0.0 0.0
NODE: 43 100 260 5 0.0 0.0
NODE: 44 100 270 6 0.0 0.0
NODE: 45 100 280 4 0.0 0.0
NODE: 46 100 290 8 0.0 0.0
NODE: 47 100 300 4 0.0 0.0
NODE: 48 100 310 3 0.0 0.0
NODE: 49 100 320 6 0.0 0.0
NODE: 50 100 330 7 0.0 0.0
# EDGE: k i j u_ij c_ij h_ij t_ij
# i : starting node of edge k
# j : ending node of edge k
# u_ij : capacity of edge (i,j)
# c_ij : fixed cost for the use of (i,j)
# h_ij : unit cost for (i,j)
# t_ij : delivery time for (i,j)
EOF
EDGE: 1 1 17 8 94.41908922492672 10.656087153008942 74.21114951477183
EDGE: 2 2 17 13 52.49951940422002 2.561252698627077 72.58617660267566
EDGE: 3 3 17 10 53.66411985579459 3.886144493048087 69.42975377908279
EDGE: 4 4 17 8 75.71320047019469 11.608193021032708 51.08810303180334
EDGE: 5 5 17 17 19.95538725660824 4.635534745494039 11.175731723707639
EDGE: 6 6 17 20 60.55697794044989 16.200194338289165 21.14469715542942
EDGE: 7 7 17 16 97.73317551940322 11.728583133634054 87.88193280778513
EDGE: 8 8 17 24 90.21848823934317 2.9508753323823322 66.31587949693899
EDGE: 9 9 17 12 16.99466757838389 8.170009250356024 99.71097376706031
EDGE: 10 10 17 17 55.60799063634371 2.113987794756412 62.83826629830949
EDGE: 11 11 17 17 74.57378290780859 5.641839055472342 23.532739878308043
EDGE: 12 12 17 9 10.344554889909187 2.764012136926352 36.282656920016166
EDGE: 13 13 17 24 45.109125451356654 16.9721826047345 47.44351072472733
EDGE: 14 14 17 9 90.29366928255273 17.751354833144113 55.42894705870861
EDGE: 15 15 17 23 22.051611559517077 2.368839948907148 80.80328266959843
EDGE: 16 16 17 16 99.25777797102214 4.600108428584414 40.584991207273546
EDGE: 17 17 18 9 61.563323906933526 10.960707621322996 28.267832417575566
EDGE: 18 17 19 7 54.92134274147903 18.266347840910832 66.07601321902752
EDGE: 19 17 20 8 24.65918061226054 2.939958203120513 68.79210124698176
EDGE: 20 17 21 6 41.65198436170573 7.424930525178431 49.131103823356504
EDGE: 21 17 22 7 45.442935357614466 1.3479525025319763 23.08145300965822
EDGE: 22 17 23 6 79.25927649200321 19.702767010321168 79.89337512079922
EDGE: 23 17 24 6 95.78913058723447 11.297860942693704 65.46736871792814
EDGE: 24 17 25 8 19.312717171956415 9.026534331816384 59.780339738638006
EDGE: 25 17 26 9 19.322514888571018 4.176960630836577 18.68414221461586
EDGE: 26 17 27 7 43.12049308952214 1.0027978778474047 37.92107193450124
EDGE: 27 17 28 9 80.04652048387965 3.1215740862513375 72.52314712175607
EDGE: 28 17 29 9 17.970562320168384 8.998511200774876 47.89670558854847
EDGE: 29 17 30 8 23.472347474806757 6.807624168865535 29.84121475350037
EDGE: 30 17 31 6 40.735625815519 10.339865681484296 69.51084581775746
EDGE: 31 17 32 9 70.60021925208916 6.349767363678785 55.89971934039392
EDGE: 32 17 33 9 20.443554232920206 11.79745209568567 42.81645116454095
EDGE: 33 17 34 8 87.60437113555624 12.852079538210102 79.51089482782791
EDGE: 34 17 35 9 43.91484373814415 10.27571035812479 64.12574632940641
EDGE: 35 17 36 9 36.573345373735464 17.90325873474151 56.967974901974294
EDGE: 36 17 37 7 51.06862512785377 1.374630484709213 16.229727093751887
EDGE: 37 17 38 6 65.15713914554851 4.059319256072724 92.2357200685918
EDGE: 38 17 39 6 68.99884617215005 3.2416772263606246 67.5538261196908
EDGE: 39 17 40 6 55.4727713173238 13.106736651934996 59.37785839444113
EDGE: 40 17 41 9 26.42212671339235 10.88190495362245 77.47629926134206
EDGE: 41 17 42 9 95.11985416019567 18.649024801269498 15.698041958176532
EDGE: 42 17 43 8 82.59891111547844 9.844231140564494 17.53588565177632
EDGE: 43 17 44 6 25.657688171906134 19.30970115849248 16.570875795303355
EDGE: 44 17 45 6 87.32941692922319 11.951840831015721 30.755324669383707
EDGE: 45 17 46 6 26.395478948572094 13.594617536804789 35.4395523171865
EDGE: 46 17 47 8 51.12600906188788 4.494684914786778 33.807272989570166
EDGE: 47 17 48 9 73.84723515412146 16.20662311374533 84.95668486907324
EDGE: 48 17 49 6 17.16349898705154 13.05204813593915 49.2491934261593
EDGE: 49 17 50 9 99.7028841716016 14.355525848724545 27.74489687644449
