NAME : null
NBR_NODES : 50
NBR_EDGES : 301
T : 23.1339910679035
# NODE: i x_i y_i b_i g_i s_i
# x_i, y_i : x, y of node i
# b_i : demand of node_i, <0 for depot, >0 for client, =0 for platforms
# g_i : cost for using node i, >0 only for platforms
# s_i : time for crossing node _i, >0 only for platforms
NODE: 1 10 10 -17 0.0 0.0
NODE: 2 10 20 -12 0.0 0.0
NODE: 3 10 30 -17 0.0 0.0
NODE: 4 10 40 -13 0.0 0.0
NODE: 5 10 50 -12 0.0 0.0
NODE: 6 10 60 -11 0.0 0.0
NODE: 7 10 70 -12 0.0 0.0
NODE: 8 10 80 -17 0.0 0.0
NODE: 9 10 90 -14 0.0 0.0
NODE: 10 10 100 -17 0.0 0.0
NODE: 11 10 110 -13 0.0 0.0
NODE: 12 10 120 -19 0.0 0.0
NODE: 13 10 130 -18 0.0 0.0
NODE: 14 10 140 -6 0.0 0.0
NODE: 15 10 150 -8 0.0 0.0
NODE: 16 10 160 -19 0.0 0.0
NODE: 17 10 170 -14 0.0 0.0
NODE: 18 10 180 -11 0.0 0.0
NODE: 19 10 190 -16 0.0 0.0
NODE: 20 50 10 0 63.66200277602691 87.66926488551721
NODE: 21 50 20 0 71.39662239034962 37.48768969880457
NODE: 22 50 30 0 49.13436665444711 99.24609993957183
NODE: 23 50 40 0 23.50518372472297 83.72469318317032
NODE: 24 50 50 0 67.17037317068679 79.38492691372737
NODE: 25 50 60 0 22.80118860772181 66.56210102697688
NODE: 26 50 70 0 65.53382001280013 65.91632209878529
NODE: 27 100 10 9 0.0 0.0
NODE: 28 100 20 6 0.0 0.0
NODE: 29 100 30 8 0.0 0.0
NODE: 30 100 40 6 0.0 0.0
NODE: 31 100 50 14 0.0 0.0
NODE: 32 100 60 8 0.0 0.0
NODE: 33 100 70 13 0.0 0.0
NODE: 34 100 80 13 0.0 0.0
NODE: 35 100 90 14 0.0 0.0
NODE: 36 100 100 13 0.0 0.0
NODE: 37 100 110 12 0.0 0.0
NODE: 38 100 120 12 0.0 0.0
NODE: 39 100 130 7 0.0 0.0
NODE: 40 100 140 11 0.0 0.0
NODE: 41 100 150 9 0.0 0.0
NODE: 42 100 160 13 0.0 0.0
NODE: 43 100 170 13 0.0 0.0
NODE: 44 100 180 9 0.0 0.0
NODE: 45 100 190 6 0.0 0.0
NODE: 46 100 200 9 0.0 0.0
NODE: 47 100 210 10 0.0 0.0
NODE: 48 100 220 7 0.0 0.0
NODE: 49 100 230 9 0.0 0.0
NODE: 50 100 240 5 0.0 0.0
# EDGE: k i j u_ij c_ij h_ij t_ij
# i : starting node of edge k
# j : ending node of edge k
# u_ij : capacity of edge (i,j)
# c_ij : fixed cost for the use of (i,j)
# h_ij : unit cost for (i,j)
# t_ij : delivery time for (i,j)
EOF
EDGE: 1 1 20 1 45.40707735018201 17.121454208108116 94.37540457767943
EDGE: 2 1 21 1 67.22830689793312 7.4944201453725166 90.81296333367048
EDGE: 3 1 22 1 88.26399454748642 17.6572193114078 43.081511200395546
EDGE: 4 1 23 1 25.18148866425937 4.883584185248409 10.388258858254245
EDGE: 5 1 24 1 52.23375633034085 9.941988985420135 54.7333936232546
EDGE: 6 1 25 1 83.5570336242363 18.31159985523463 29.270222293592685
EDGE: 7 1 26 1 63.18098943258346 16.440117448769392 13.918396833141205
EDGE: 8 2 20 0 90.84866469118973 12.745629215092942 20.49248527988215
EDGE: 9 2 21 0 60.46407720770171 8.540175932146505 45.3601244322055
EDGE: 10 2 22 0 73.26867044179929 17.997072180977362 34.9584097522309
EDGE: 11 2 23 0 99.69340021709203 1.6971034757348797 58.37418503107536
EDGE: 12 2 24 0 12.241542316849202 2.17057037919 81.63324694637159
EDGE: 13 2 25 0 16.727948431545677 9.202713157405434 80.34558137979374
EDGE: 14 2 26 0 90.73367109900657 6.48941599591876 40.91805074012919
EDGE: 15 3 20 1 66.2306764340693 10.51814851140922 95.67299904397383
EDGE: 16 3 21 1 17.98941521477582 6.305956454366508 13.900680089836328
EDGE: 17 3 22 1 30.602879470109364 18.851888648663234 19.12532284747867
EDGE: 18 3 23 1 24.74386178968038 12.855592050147354 82.67916932977403
EDGE: 19 3 24 1 77.61790205413837 14.41688480566999 95.0557096382088
EDGE: 20 3 25 1 23.482577581118008 4.062956951676549 99.45282322205438
EDGE: 21 3 26 1 97.57451129340411 8.550434902145376 56.41851274124451
EDGE: 22 4 20 0 20.818667365180048 18.45888055486859 54.57629742011213
EDGE: 23 4 21 0 33.29022048626257 14.630380674688716 80.03437391543316
EDGE: 24 4 22 0 31.557460371209622 10.016721156041438 66.27202995040093
EDGE: 25 4 23 0 48.754918625224406 10.471224481980423 27.048798964788183
EDGE: 26 4 24 0 16.51912691768722 16.466664260827365 47.196286387118384
EDGE: 27 4 25 0 34.76505448176145 19.633759267186235 50.029520080297225
EDGE: 28 4 26 0 28.689549195980117 1.3965827307464682 25.55418097179384
EDGE: 29 5 20 0 42.35875705454136 6.831807782126107 90.6479791684172
EDGE: 30 5 21 0 54.76973829726006 8.198051509926536 50.95893299980219
EDGE: 31 5 22 0 17.37215111642044 9.36965875488453 44.390214454733524
EDGE: 32 5 23 0 51.69414087514123 14.666106914012648 77.73072407839875
EDGE: 33 5 24 0 21.937208738175478 19.29379964444608 51.242489312927226
EDGE: 34 5 25 0 70.1881080933274 2.811349310874547 60.830422954413265
EDGE: 35 5 26 0 81.24143911020097 9.692538618669111 33.79695968912458
EDGE: 36 6 20 0 19.93489237904472 3.1929818648147936 72.12352138797384
EDGE: 37 6 21 0 76.36973943524174 9.327104782104046 56.72270364907093
EDGE: 38 6 22 0 93.42241579780223 10.831374406174534 87.16958062745901
EDGE: 39 6 23 0 36.548693790685576 1.5278282083140746 44.047406065442395
EDGE: 40 6 24 0 98.0401950162717 16.508754299506982 15.232501787197636
EDGE: 41 6 25 0 36.61367290833723 17.038988095399677 23.195045442065734
EDGE: 42 6 26 0 18.49668343263533 3.0166101163116523 27.706936446921176
EDGE: 43 7 20 0 98.01900902970556 16.24592139791767 17.224857787449196
EDGE: 44 7 21 0 14.12735710314701 7.658407578961993 92.65613937509939
EDGE: 45 7 22 0 64.21157933870995 15.967992286583817 79.21691447611106
EDGE: 46 7 23 0 58.16387277003305 15.066207970211378 75.65660048228416
EDGE: 47 7 24 0 73.68810096358456 8.75101040055787 85.24961516164649
EDGE: 48 7 25 0 78.53459176241766 19.139784935884315 79.64473175505461
EDGE: 49 7 26 0 26.55646635602069 6.342693572185916 94.91441725731738
EDGE: 50 8 20 1 42.26678265269741 8.666831998553342 88.96095633497175
EDGE: 51 8 21 1 62.92140527551977 11.784768793001188 40.813107741971876
EDGE: 52 8 22 1 78.06083197931936 15.932855718881225 75.28649762136064
EDGE: 53 8 23 1 43.91480017534014 14.30530526056493 50.98292338437625
EDGE: 54 8 24 1 34.10675781347618 11.379346963989947 35.66816392980422
EDGE: 55 8 25 1 98.69098748611592 10.944873982753489 30.69485665972173
EDGE: 56 8 26 1 50.71334676349358 2.1188247948530265 85.32648492321333
EDGE: 57 9 20 1 93.20731325548492 6.60012424004751 32.57042327653771
EDGE: 58 9 21 1 59.82022461712538 12.865349254220511 30.442467854714515
EDGE: 59 9 22 1 39.11028838029662 5.918376337065503 86.46224266937102
EDGE: 60 9 23 1 15.963173839456696 12.589088082484048 28.61829966436848
EDGE: 61 9 24 1 63.547652793424994 15.22681910360423 73.04370536380611
EDGE: 62 9 25 1 75.76301684380978 6.953544543190837 97.2073333769479
EDGE: 63 9 26 1 23.226647573651256 1.4299097361348045 67.55307923973805
EDGE: 64 10 20 1 55.50836148954669 8.344027563465968 32.20862516363646
EDGE: 65 10 21 1 38.538821104448004 6.55856571406617 72.63733731665238
EDGE: 66 10 22 1 38.90253778244721 18.04596613329385 62.921378619788975
EDGE: 67 10 23 1 96.07167026178634 13.404747938896277 61.74101952424091
EDGE: 68 10 24 1 69.54503228983992 7.881655539164599 70.05457938542045
EDGE: 69 10 25 1 40.32744208624541 17.425022707147114 16.98547210236255
EDGE: 70 10 26 1 35.217721753522525 7.36403780071918 77.48713843908587
EDGE: 71 11 20 0 37.9693882023665 4.846702939253173 27.983742895513192
EDGE: 72 11 21 0 63.54624526970948 8.176097798774878 70.37387211881938
EDGE: 73 11 22 0 90.41582225096451 16.660154151884065 90.53645808090299
EDGE: 74 11 23 0 61.106801096341684 10.534481851756802 94.79261239036113
EDGE: 75 11 24 0 73.10223974027869 7.930869134896655 76.65399145236557
EDGE: 76 11 25 0 20.54868532877157 8.745922635454566 86.62776938137058
EDGE: 77 11 26 0 92.23185527554094 14.614893281371629 99.85025649306314
EDGE: 78 12 20 1 42.802903431159216 3.015069134151054 69.88565780676481
EDGE: 79 12 21 1 72.3348601587403 4.811207787833575 82.15339145552463
EDGE: 80 12 22 1 33.94714705415991 15.31231443638739 37.13688985786571
EDGE: 81 12 23 1 30.456698321220347 12.134650832816124 51.778692492414116
EDGE: 82 12 24 1 48.79745304464108 15.860213693164605 17.281170990927926
EDGE: 83 12 25 1 85.29568705021683 13.642980978089529 22.909092549209344
EDGE: 84 12 26 1 25.796857865128928 13.547089157116034 48.32978442392492
EDGE: 85 13 20 1 82.11029589467418 7.501668987836597 41.52848942966375
EDGE: 86 13 21 1 20.271375728111046 17.326411081425153 65.40109205998584
EDGE: 87 13 22 1 86.71637869549252 9.32002103604509 13.753236167933675
EDGE: 88 13 23 1 85.62358080583512 17.410554652926617 96.62435977458495
EDGE: 89 13 24 1 54.394699618185754 13.842214825888416 35.607136680827416
EDGE: 90 13 25 1 54.53413456122247 6.817520180993841 12.147223385487845
EDGE: 91 13 26 1 62.0290394159235 11.426852865412075 75.685208201534
EDGE: 92 14 20 0 34.74155934765646 11.579214876357492 73.94209452537717
EDGE: 93 14 21 0 84.29520469602652 1.4986222091543866 44.65156889099009
EDGE: 94 14 22 0 26.470563783995473 7.669888962338466 46.60684888769981
EDGE: 95 14 23 0 27.221260616052927 6.905653443575369 48.01673425646773
EDGE: 96 14 24 0 61.07925256852588 6.463317516149178 51.855065890806664
EDGE: 97 14 25 0 34.93928899542556 2.8661751624129153 11.13964523427134
EDGE: 98 14 26 0 32.995516179921154 6.277324604894571 71.89118033583824
EDGE: 99 15 20 0 27.94897952824466 1.9380568514011296 47.89975783423245
EDGE: 100 15 21 0 39.51290429517576 6.314243803586263 69.36580906845657
EDGE: 101 15 22 0 63.713387599192146 9.19483373881036 86.98445350042668
EDGE: 102 15 23 0 85.51633402841667 18.055905006432795 14.106609867115498
EDGE: 103 15 24 0 72.9071429188429 3.5418055403165845 82.23715976495153
EDGE: 104 15 25 0 12.707895916874087 13.921746007111375 29.319963060612324
EDGE: 105 15 26 0 67.13745387967741 10.855806759929608 86.01141956207
EDGE: 106 16 20 1 85.40311613398873 4.748638051478851 82.45877341846217
EDGE: 107 16 21 1 46.45818447303683 16.382240050804626 26.976269945811786
EDGE: 108 16 22 1 77.46794523201207 5.401024829354612 18.451750542615706
EDGE: 109 16 23 1 27.49735067997114 19.572965343030493 46.318229598591664
EDGE: 110 16 24 1 37.46681915358418 13.569960852929418 35.48942574147874
EDGE: 111 16 25 1 95.51831921119182 7.298639498123 18.78519351257768
EDGE: 112 16 26 1 81.59209030728795 17.569652227458565 16.062260261992805
EDGE: 113 17 20 1 46.23504545079623 6.119102453220225 57.517573793951705
EDGE: 114 17 21 1 96.4451415896038 15.690084487744208 18.446131694482403
EDGE: 115 17 22 1 95.70164621946755 18.045398810705933 44.11196418467465
EDGE: 116 17 23 1 76.23949925317461 15.41433809952764 26.33053666222163
EDGE: 117 17 24 1 19.096623424697793 9.977033809039801 27.862689380123857
EDGE: 118 17 25 1 41.49625146883471 4.559181820176612 46.78477582330579
EDGE: 119 17 26 1 41.722064388589146 17.74805418769176 30.626491926781235
EDGE: 120 18 20 0 38.802093175178214 5.1475395631523755 49.25749751825943
EDGE: 121 18 21 0 78.03810608703425 12.465546228590739 66.255726495519
EDGE: 122 18 22 0 23.700306074777707 2.571421385324632 70.80486273820506
EDGE: 123 18 23 0 57.05300049021891 17.574151254696332 36.045331078467996
EDGE: 124 18 24 0 81.28497626591734 3.3539163650345527 25.242652091186933
EDGE: 125 18 25 0 44.88908634315877 19.830184497857168 84.13891741237298
EDGE: 126 18 26 0 21.56878854380291 4.568840113389484 36.41765857829666
EDGE: 127 19 20 1 67.84495830810796 1.1189560593932337 39.339265599121795
EDGE: 128 19 21 1 19.194675049679674 4.726626900832853 68.29362986025379
EDGE: 129 19 22 1 11.774186416761149 4.798887378300593 12.26856857911395
EDGE: 130 19 23 1 29.56166199568603 19.685065794841275 77.04712327210335
EDGE: 131 19 24 1 86.10086133138535 3.0060118796824487 99.32370002876725
EDGE: 132 19 25 1 55.9352035432624 14.893470366109327 42.8685339139221
EDGE: 133 19 26 1 23.292302940100882 1.102463835382431 47.371858713902945
EDGE: 134 20 27 1 34.612333822450424 12.028878103170294 71.66366511016588
EDGE: 135 20 28 1 67.1092258903588 3.202536040445225 25.631862199755517
EDGE: 136 20 29 1 17.711932204872042 5.832871782472892 59.351096871684014
EDGE: 137 20 30 1 75.45368952755038 18.459913593284142 73.68644630210903
EDGE: 138 20 31 1 95.66042946496265 15.707616527324769 53.95070757143597
EDGE: 139 20 32 1 16.135139924393346 7.549664807863885 47.07082775760433
EDGE: 140 20 33 1 63.943262682740325 12.37971004048096 43.15864537162339
EDGE: 141 20 34 1 26.374842634283354 15.528593289874307 14.38290192042074
EDGE: 142 20 35 1 31.192379030042996 15.690431674809286 77.60405968627191
EDGE: 143 20 36 1 29.36905073462949 1.00753942481609 92.36034302166041
EDGE: 144 20 37 1 38.180129150576235 18.32099249832492 42.48290061636422
EDGE: 145 20 38 1 93.73118868845161 16.319224126652674 77.86993923605606
EDGE: 146 20 39 1 19.7898254652699 3.0113781051504707 32.76411742867858
EDGE: 147 20 40 1 44.133377144242466 11.115236260125174 68.25447367822656
EDGE: 148 20 41 1 24.533308124943105 2.5813700491751654 59.663556639359406
EDGE: 149 20 42 1 93.96761071832884 18.57574455269706 43.98246144487704
EDGE: 150 20 43 1 88.68582545773177 4.812353931488118 88.58085657520932
EDGE: 151 20 44 1 63.34691455028674 6.165541496349663 10.046057177929033
EDGE: 152 20 45 1 84.60852402406812 2.9984953468452358 81.19469597067075
EDGE: 153 20 46 1 78.26675747747969 7.620004443587198 65.0524332066933
EDGE: 154 20 47 1 65.32888530151786 3.7258825187776847 96.9116485464855
EDGE: 155 20 48 1 89.2470724297089 17.594568798940642 59.45397291892282
EDGE: 156 20 49 1 29.94939941839862 17.188231126265638 81.36401520959767
EDGE: 157 20 50 1 70.27518267716411 9.161308844284413 56.86254656179784
EDGE: 158 21 27 1 36.95480155909701 3.0977386851417315 72.15189453746783
EDGE: 159 21 28 1 81.36991680688617 2.0862206745721035 44.893224180964104
EDGE: 160 21 29 1 84.98818627044132 15.99969347173697 44.52485178697522
EDGE: 161 21 30 1 30.587294879961878 19.570797261424985 64.48270966248282
EDGE: 162 21 31 1 13.166301822718346 19.54941643358862 82.19845849046435
EDGE: 163 21 32 1 73.7880156710342 3.891494226449456 59.127824434275446
EDGE: 164 21 33 1 55.50433247861661 3.060145746236809 51.00103672757501
EDGE: 165 21 34 1 92.98712006627365 13.12067450142374 27.98934423793727
EDGE: 166 21 35 1 96.52051172737181 12.380444301222806 45.54592238020371
EDGE: 167 21 36 1 46.60611215391716 18.862631165035147 99.30651015142793
EDGE: 168 21 37 1 17.590840139231915 15.909732847825142 21.624545919966472
EDGE: 169 21 38 1 37.44786547431063 16.688279039845774 73.06750721522917
EDGE: 170 21 39 1 36.12423949812943 6.310540256968018 19.51565241158556
EDGE: 171 21 40 1 46.714603339636035 6.702108535165631 74.38125665291145
EDGE: 172 21 41 1 52.128461794679225 2.2260598984181774 65.90597470427193
EDGE: 173 21 42 1 24.889310865110563 14.424998689757489 21.49580095710202
EDGE: 174 21 43 1 99.23705053922457 18.061614783026094 34.61767009513775
EDGE: 175 21 44 1 62.8008307414652 3.926477662294319 44.90860838578131
EDGE: 176 21 45 1 59.76768035312446 17.63861578961366 38.83782571953154
EDGE: 177 21 46 1 28.69300910766902 14.890030313153154 56.51411838469158
EDGE: 178 21 47 1 65.88217699187064 5.279614071092842 60.04535569282276
EDGE: 179 21 48 1 59.6181790929762 5.045042965759686 20.23382028262014
EDGE: 180 21 49 1 61.418532358839244 13.633037763419852 61.33059995239461
EDGE: 181 21 50 1 77.97529004921614 5.148980319553378 68.07419281031142
EDGE: 182 22 27 1 81.46523074486275 18.296207155478662 55.30293374277427
EDGE: 183 22 28 1 36.5130055816729 1.4533872924470117 78.05781489468059
EDGE: 184 22 29 1 39.24820956960632 4.045223398134583 69.2817037276297
EDGE: 185 22 30 1 97.61808577554925 10.337312038899737 62.972954491963876
EDGE: 186 22 31 1 82.40072593293326 13.230320805281814 62.965799001010005
EDGE: 187 22 32 1 65.20935459813717 16.541739099329675 41.38695060534326
EDGE: 188 22 33 1 83.18650656697645 11.645283629127936 56.27717767542413
EDGE: 189 22 34 1 20.05756988534683 2.1886344478653963 64.868707991174
EDGE: 190 22 35 1 89.74641964003982 19.92951184165907 27.573644578642327
EDGE: 191 22 36 1 81.85151097431314 13.518184457671737 17.865604276650963
EDGE: 192 22 37 1 77.93905606133052 13.311339777310286 64.92622152393476
EDGE: 193 22 38 1 33.83059669686636 8.027836637973685 89.18012564028034
EDGE: 194 22 39 1 65.84546209040727 9.251189479125477 15.65639294513895
EDGE: 195 22 40 1 18.304342760615313 8.44672203859831 46.49155692953122
EDGE: 196 22 41 1 55.50839145433003 7.293166142456952 61.828548915255205
EDGE: 197 22 42 1 23.87896922077305 11.729064769620889 57.868029626540526
EDGE: 198 22 43 1 98.97635833897964 1.1836767906838839 71.89295729027604
EDGE: 199 22 44 1 47.71147846886184 18.000162920327234 66.71421263255817
EDGE: 200 22 45 1 88.22281184832235 3.0656743392417 11.174538046634343
EDGE: 201 22 46 1 48.611508406456984 17.138543069174624 59.10002237220204
EDGE: 202 22 47 1 61.010750178461876 5.307118233274724 26.402801728827797
EDGE: 203 22 48 1 89.31127787734518 3.427873093646461 74.91560164893957
EDGE: 204 22 49 1 37.273070289820765 19.27224263188276 11.97820831179764
EDGE: 205 22 50 1 98.72393908454053 17.462238444464678 96.79790284917866
EDGE: 206 23 27 1 43.07899613472671 12.09423111013059 18.17032113511253
EDGE: 207 23 28 1 57.510633278414325 10.238360505930684 63.27421545093864
EDGE: 208 23 29 1 11.756859095521465 4.257887294619734 93.94300081414691
EDGE: 209 23 30 1 82.77658791171031 13.118369426471503 95.06789900318384
EDGE: 210 23 31 1 84.24357972543827 6.550898280376027 69.6020265257977
EDGE: 211 23 32 1 90.2165562415675 19.09670480340369 56.011662202342876
EDGE: 212 23 33 1 53.23112780012665 11.692280952657459 76.96037817454034
EDGE: 213 23 34 1 84.5298939884258 11.554757880040984 22.51372232229165
EDGE: 214 23 35 1 48.180315807040834 13.696608769241 17.216558119188477
EDGE: 215 23 36 1 81.42561627672835 11.436832178184057 18.02210314639636
EDGE: 216 23 37 1 80.77219282228668 13.782610967086317 79.24122821095084
EDGE: 217 23 38 1 37.03772879674358 18.531026456407165 91.43243315053645
EDGE: 218 23 39 1 52.86738384385984 14.384737360543047 23.467485167312063
EDGE: 219 23 40 1 93.0711502608832 12.288632347332472 40.88453360166004
EDGE: 220 23 41 1 51.543677070139296 7.576284234025396 99.08008825380941
EDGE: 221 23 42 1 28.49853685764524 11.36563598352063 86.89310802937256
EDGE: 222 23 43 1 58.28216060667251 6.962672372905202 94.69894687553082
EDGE: 223 23 44 1 71.12831840048372 5.819922052292703 41.25785827438074
EDGE: 224 23 45 1 21.872250652699375 5.853474575840656 65.25218272095813
EDGE: 225 23 46 1 24.864276320749298 17.647771429405477 30.698327171904275
EDGE: 226 23 47 1 97.10587577007719 15.271782984486707 90.2340841182646
EDGE: 227 23 48 1 80.97694705046467 18.093248425357682 96.65878569780243
EDGE: 228 23 49 1 63.83118811980083 17.109513149121163 41.043258529511604
EDGE: 229 23 50 1 44.20718697904939 4.914067803321937 65.22848005822992
EDGE: 230 24 27 1 23.436068280436928 14.48723502457156 87.59629614898762
EDGE: 231 24 28 1 27.022204657982087 15.537539442773372 23.622537104553874
EDGE: 232 24 29 1 82.33174424224748 5.127126257805432 86.91225656610479
EDGE: 233 24 30 1 17.84435955714099 8.790181232492825 52.16886836477965
EDGE: 234 24 31 1 84.50686964593514 12.297645464303697 68.86330285848436
EDGE: 235 24 32 1 71.57307126828904 8.63459622672218 43.24635430941087
EDGE: 236 24 33 1 27.722323521739572 8.638510803746637 96.78677160631754
EDGE: 237 24 34 1 13.220116331220279 15.097205072832784 11.119639084707751
EDGE: 238 24 35 1 20.41708799720559 9.924585374279946 53.15402263964838
EDGE: 239 24 36 1 87.97863981422731 9.320430452089722 59.11584348280701
EDGE: 240 24 37 1 98.89548701647223 12.577259124282351 12.991345610276747
EDGE: 241 24 38 1 53.54621582134814 4.422926099044215 93.08851498227891
EDGE: 242 24 39 1 66.86611370565645 4.4819221475337905 90.24826652937615
EDGE: 243 24 40 1 83.02221633227465 3.601443035867007 22.614109888092067
EDGE: 244 24 41 1 81.90275289650967 17.420124298463808 14.808553490748418
EDGE: 245 24 42 1 29.199862109963853 16.657929126180772 43.86634719168163
EDGE: 246 24 43 1 35.897623090159584 4.175010189376895 70.33923186374975
EDGE: 247 24 44 1 13.57322782232697 5.88545132880072 80.61371509849369
EDGE: 248 24 45 1 29.07722090378632 12.118631442824917 95.67292359851204
EDGE: 249 24 46 1 15.879522139409733 16.996541993699587 92.28547587867199
EDGE: 250 24 47 1 29.651117092479083 8.83972087263143 24.918826962464195
EDGE: 251 24 48 1 32.49696658496211 14.527553625970054 10.55144529439438
EDGE: 252 24 49 1 73.66399322409251 12.120530042054934 63.997649339120514
EDGE: 253 24 50 1 54.51856909337765 9.902625017272182 68.36090231780832
EDGE: 254 25 27 1 42.1212473122289 3.3213184116216095 63.79579264433461
EDGE: 255 25 28 1 38.82212342697553 11.090843312099883 57.885892652580345
EDGE: 256 25 29 1 54.95843938025487 19.981092269210897 12.634128801419479
EDGE: 257 25 30 1 67.95672436963494 11.540205333037145 36.314281102456675
EDGE: 258 25 31 1 23.9249756694652 11.193181796485506 83.24664404321193
EDGE: 259 25 32 1 17.166137227830035 12.821963157021123 70.93784513359645
EDGE: 260 25 33 1 78.95223339742014 13.064255738298453 41.96430490518408
EDGE: 261 25 34 1 49.36931490783605 4.168954010879071 57.48071572376054
EDGE: 262 25 35 1 95.07653483785296 9.315364152584227 10.299419983814486
EDGE: 263 25 36 1 41.41837226640804 16.841504715914407 38.1134974077002
EDGE: 264 25 37 1 79.48723096622003 5.8336048852188185 91.62583356051498
EDGE: 265 25 38 1 27.454355930703848 15.004506361416912 28.098370259067433
EDGE: 266 25 39 1 50.770204871108675 16.733003256428482 88.15025534017728
EDGE: 267 25 40 1 77.6810891099013 16.549251277165737 92.51046883781723
EDGE: 268 25 41 1 44.917153746756824 6.233204425379849 15.870042958620218
EDGE: 269 25 42 1 33.377428923729006 6.043627843239238 86.98089381705148
EDGE: 270 25 43 1 95.17089730553977 6.4145700429466554 77.71274754297188
EDGE: 271 25 44 1 81.4682378985851 4.744264782517172 28.906623825632767
EDGE: 272 25 45 1 55.277085507275416 8.658268891574647 37.55273026208806
EDGE: 273 25 46 1 24.47438100492547 2.354221748238569 18.072659751188414
EDGE: 274 25 47 1 58.212564843591785 10.329963456195152 30.30016082159374
EDGE: 275 25 48 1 74.16206396819305 10.9598154454633 88.13172737787936
EDGE: 276 25 49 1 84.96076869813335 14.01567915232717 95.75774272102294
EDGE: 277 25 50 1 79.71183294414917 12.330181920948487 32.88681360661282
EDGE: 278 26 27 1 20.404401079133606 9.368450086339811 66.44041386628396
EDGE: 279 26 28 1 63.727523798235815 11.513157606919277 83.82189498913331
EDGE: 280 26 29 1 65.90573968254762 10.374343787289313 22.053401553090474
EDGE: 281 26 30 1 11.905507231368198 15.411088388468096 97.82613181201457
EDGE: 282 26 31 1 50.64488457921354 16.596444487638337 15.823902542809538
EDGE: 283 26 32 1 34.6845132979203 6.770144608547813 66.55686299265797
EDGE: 284 26 33 1 76.28624562717631 18.705402913151985 50.381712931634745
EDGE: 285 26 34 1 61.69636077118288 7.766748024389246 11.386701174857862
EDGE: 286 26 35 1 92.04359959650843 2.3551359814261126 43.38412882595465
EDGE: 287 26 36 1 52.337909100221964 9.12469443331072 50.380062615487205
EDGE: 288 26 37 1 69.7140013905815 4.212274884753235 85.58040698555487
EDGE: 289 26 38 1 18.28452957967007 1.446576990822853 96.2444037572214
EDGE: 290 26 39 1 40.75089979713908 12.697956140103107 56.51113394016676
EDGE: 291 26 40 1 76.26542219355753 8.193091815580871 16.70152254818281
EDGE: 292 26 41 1 89.94673611815406 4.750546579188612 25.53778000050802
EDGE: 293 26 42 1 51.9210915185225 5.493829063794173 31.224211826125366
EDGE: 294 26 43 1 62.795362030223814 15.667895870466808 98.39776185889497
EDGE: 295 26 44 1 68.06326858492423 17.7231388535022 60.5835698544141
EDGE: 296 26 45 1 26.10457044718818 10.837712783803944 11.980353903035688
EDGE: 297 26 46 1 63.157641031512455 17.524665736737177 98.15230830104682
EDGE: 298 26 47 1 23.92907104285776 16.91465836497118 62.51870957672437
EDGE: 299 26 48 1 78.34964291290812 4.718148036473419 94.40934464306174
EDGE: 300 26 49 1 33.39419951167184 5.75274925791818 24.893352357061364
EDGE: 301 26 50 1 23.85367253051871 16.272071641113754 28.59100386487699
