NAME : null
NBR_NODES : 50
NBR_EDGES : 400
T : 51.259860677532565
# NODE: i x_i y_i b_i g_i s_i
# x_i, y_i : x, y of node i
# b_i : demand of node_i, <0 for depot, >0 for client, =0 for platforms
# g_i : cost for using node i, >0 only for platforms
# s_i : time for crossing node _i, >0 only for platforms
NODE: 1 10 10 -11 0.0 0.0
NODE: 2 10 20 -14 0.0 0.0
NODE: 3 10 30 -11 0.0 0.0
NODE: 4 10 40 -13 0.0 0.0
NODE: 5 10 50 -9 0.0 0.0
NODE: 6 10 60 -20 0.0 0.0
NODE: 7 10 70 -18 0.0 0.0
NODE: 8 10 80 -10 0.0 0.0
NODE: 9 10 90 -18 0.0 0.0
NODE: 10 10 100 -21 0.0 0.0
NODE: 11 10 110 -16 0.0 0.0
NODE: 12 10 120 -17 0.0 0.0
NODE: 13 10 130 -21 0.0 0.0
NODE: 14 10 140 -8 0.0 0.0
NODE: 15 10 150 -16 0.0 0.0
NODE: 16 50 10 0 95.19540767917327 92.02317580170141
NODE: 17 50 20 0 37.39830692512279 24.279501049428486
NODE: 18 50 30 0 71.17203322933645 21.257877003652876
NODE: 19 50 40 0 43.61959738685536 50.30022748562523
NODE: 20 50 50 0 80.83361709407352 48.310112818444715
NODE: 21 50 60 0 55.310552107192905 87.23733132107002
NODE: 22 50 70 0 49.41795118363614 40.52742934383466
NODE: 23 50 80 0 97.54213724324474 27.617914687693734
NODE: 24 50 90 0 44.88024991037405 65.32065699306213
NODE: 25 50 100 0 35.10586876707151 22.027611448642542
NODE: 26 100 10 8 0.0 0.0
NODE: 27 100 20 10 0.0 0.0
NODE: 28 100 30 5 0.0 0.0
NODE: 29 100 40 10 0.0 0.0
NODE: 30 100 50 10 0.0 0.0
NODE: 31 100 60 7 0.0 0.0
NODE: 32 100 70 12 0.0 0.0
NODE: 33 100 80 11 0.0 0.0
NODE: 34 100 90 11 0.0 0.0
NODE: 35 100 100 12 0.0 0.0
NODE: 36 100 110 5 0.0 0.0
NODE: 37 100 120 8 0.0 0.0
NODE: 38 100 130 6 0.0 0.0
NODE: 39 100 140 7 0.0 0.0
NODE: 40 100 150 8 0.0 0.0
NODE: 41 100 160 12 0.0 0.0
NODE: 42 100 170 8 0.0 0.0
NODE: 43 100 180 9 0.0 0.0
NODE: 44 100 190 11 0.0 0.0
NODE: 45 100 200 7 0.0 0.0
NODE: 46 100 210 10 0.0 0.0
NODE: 47 100 220 11 0.0 0.0
NODE: 48 100 230 9 0.0 0.0
NODE: 49 100 240 11 0.0 0.0
NODE: 50 100 250 14 0.0 0.0
# EDGE: k i j u_ij c_ij h_ij t_ij
# i : starting node of edge k
# j : ending node of edge k
# u_ij : capacity of edge (i,j)
# c_ij : fixed cost for the use of (i,j)
# h_ij : unit cost for (i,j)
# t_ij : delivery time for (i,j)
EOF
EDGE: 1 1 16 0 65.42151195254209 11.337081663288266 49.13280659068235
EDGE: 2 1 17 0 17.472611064516038 4.175438810018222 90.95297089911679
EDGE: 3 1 18 0 76.69379223481273 7.663156710304022 75.43485215093318
EDGE: 4 1 19 0 73.00095857677795 16.657328675408387 34.868872138682335
EDGE: 5 1 20 0 90.53787970114152 10.8512057555162 44.38582070398397
EDGE: 6 1 21 0 34.14826596052215 5.962629158773966 67.91996629352434
EDGE: 7 1 22 0 47.256441692257894 12.853321354473286 82.44187018478885
EDGE: 8 1 23 0 26.961343140976528 5.839509554569895 40.625995822946656
EDGE: 9 1 24 0 14.384937019125424 9.859613620409077 37.6358003652702
EDGE: 10 1 25 0 79.61494886888613 4.788776387508667 67.28906172204667
EDGE: 11 2 16 0 80.94314465626884 15.032758190838802 36.50877939288647
EDGE: 12 2 17 0 57.52421975156539 14.595269990081738 24.670046968205256
EDGE: 13 2 18 0 23.066690390483487 1.0930725031051067 16.220912787035488
EDGE: 14 2 19 0 45.716004246323116 2.692202846126172 20.785272710505687
EDGE: 15 2 20 0 75.90140496874268 7.656458069398139 44.84845633441961
EDGE: 16 2 21 0 49.59193935102791 11.135792148698316 13.081226361772627
EDGE: 17 2 22 0 29.143299344632673 6.977555006216476 25.375492094133797
EDGE: 18 2 23 0 67.71603564221364 10.717524935193703 17.74512866855438
EDGE: 19 2 24 0 96.10698721436947 19.500456842748406 11.38785353090164
EDGE: 20 2 25 0 82.75963454703026 12.491402160850628 34.409194341441356
EDGE: 21 3 16 0 98.70536391105588 6.369316999232031 44.97717061974373
EDGE: 22 3 17 0 79.23651355772368 13.743503612602392 93.00638215479083
EDGE: 23 3 18 0 13.223348378904436 1.8012089743158177 69.86277333129324
EDGE: 24 3 19 0 39.1609731000985 6.18121875036637 42.03543210130924
EDGE: 25 3 20 0 84.26851271878623 2.973565828475741 45.23932903490923
EDGE: 26 3 21 0 69.26170155176699 12.869488067394492 69.99303714308599
EDGE: 27 3 22 0 86.78139060412946 13.828554915386334 48.35798374475822
EDGE: 28 3 23 0 25.884244745563638 11.19139425277103 94.23092233409616
EDGE: 29 3 24 0 38.48830850454329 16.94672717972182 86.34884452453603
EDGE: 30 3 25 0 96.21488517110781 2.8604538348065724 43.99567550300524
EDGE: 31 4 16 0 97.67951961680222 13.39228295874252 80.2926138796882
EDGE: 32 4 17 0 36.958741787191826 2.761947314364865 26.909132446144426
EDGE: 33 4 18 0 13.695471700073856 9.182302524487715 57.04916316138166
EDGE: 34 4 19 0 14.104915103992699 8.150634361601453 20.647107845861598
EDGE: 35 4 20 0 50.004021572085854 2.7822823130029253 66.85089403256455
EDGE: 36 4 21 0 69.91146631956015 14.482194774810385 14.07432917884934
EDGE: 37 4 22 0 12.25139997047237 13.78032012278665 87.16867837312822
EDGE: 38 4 23 0 35.74307193338575 15.905746163249933 14.59333599590774
EDGE: 39 4 24 0 56.16974422986157 7.64229461727658 15.85818611192514
EDGE: 40 4 25 0 21.894140609848925 9.194771549908891 80.9651931205644
EDGE: 41 5 16 0 42.72401521943739 13.20038198887718 59.09443360744887
EDGE: 42 5 17 0 18.030230361583236 5.643808563889545 23.359818369487712
EDGE: 43 5 18 0 80.3810992277308 12.277253845299352 42.10233591339189
EDGE: 44 5 19 0 40.38054008506619 3.208245451056604 54.893732438428415
EDGE: 45 5 20 0 56.883921297657466 2.598301865373748 63.19111499690285
EDGE: 46 5 21 0 34.31434235222271 8.91455589564479 11.413056367058864
EDGE: 47 5 22 0 35.413371369109434 12.894225499251625 74.10033316416158
EDGE: 48 5 23 0 23.434120090957148 16.318331046650265 88.779543439325
EDGE: 49 5 24 0 82.5208650382518 5.846340009720483 42.16538699728727
EDGE: 50 5 25 0 28.81823986023915 18.53744343135825 39.417497084218624
EDGE: 51 6 16 1 97.71434364359345 8.27693362681371 32.31028671303501
EDGE: 52 6 17 1 24.545982690704303 9.137688267778092 92.37934889309197
EDGE: 53 6 18 1 57.08052408859442 14.737028705903885 19.375504614772616
EDGE: 54 6 19 1 38.137732339334434 3.898249174147942 43.687734236824866
EDGE: 55 6 20 1 25.826231944625718 13.393886561658453 73.78871821874546
EDGE: 56 6 21 1 77.0431305297901 7.23432430269113 96.21186977381794
EDGE: 57 6 22 1 37.12159136367061 12.87059458852877 56.08627262980827
EDGE: 58 6 23 1 34.810033225125316 3.80426768164314 30.836037475061612
EDGE: 59 6 24 1 47.127932837225146 10.440093318402216 48.2931535494669
EDGE: 60 6 25 1 23.06704732960521 3.5785796693158396 63.17800694989704
EDGE: 61 7 16 0 18.593182272503398 17.725969993400735 72.6692961619614
EDGE: 62 7 17 0 67.95249460684997 2.3980966327037794 12.615182593807459
EDGE: 63 7 18 0 27.897587728539488 17.812375879772397 10.830040727248536
EDGE: 64 7 19 0 22.122585563786778 9.79871785966916 92.8763214234537
EDGE: 65 7 20 0 42.9325573415753 17.415404517936636 28.74854738612236
EDGE: 66 7 21 0 25.971644052662725 15.630020241893373 85.95659806200864
EDGE: 67 7 22 0 31.695453382938084 1.5182744032098427 35.647976312465175
EDGE: 68 7 23 0 74.19716869336189 18.745099445436843 73.61385268172015
EDGE: 69 7 24 0 93.98314078922999 1.6226650418374358 57.291253093942395
EDGE: 70 7 25 0 56.34255510447311 17.78898315145903 73.20382854160904
EDGE: 71 8 16 0 61.0670888399282 18.518544072856873 96.6762355344173
EDGE: 72 8 17 0 42.4503059490391 1.8629577735998375 87.11221682232075
EDGE: 73 8 18 0 10.732874613636904 1.2248322770022648 57.64407963117487
EDGE: 74 8 19 0 67.4585078564325 2.592159755454631 27.541302655544172
EDGE: 75 8 20 0 17.566855382133753 12.5032499671773 59.40863097851455
EDGE: 76 8 21 0 40.47341899009587 7.873763086932812 80.9090494960319
EDGE: 77 8 22 0 90.87286729063125 13.097688325803443 52.51464806798037
EDGE: 78 8 23 0 67.55097113302446 17.333118248202116 28.618419086396642
EDGE: 79 8 24 0 15.1017248594707 12.601451023863515 99.23266965519096
EDGE: 80 8 25 0 59.119981110414386 11.265181439621248 23.454740693389073
EDGE: 81 9 16 0 90.17636055075825 9.604703033579172 93.89834808623976
EDGE: 82 9 17 0 35.67990961951996 8.588575291820808 33.36894497074269
EDGE: 83 9 18 0 11.595403745593835 3.524482586619688 61.20403326098547
EDGE: 84 9 19 0 47.90596563890409 14.0896308145346 46.9044835033658
EDGE: 85 9 20 0 82.69801222386504 4.269607952022453 32.950470029890596
EDGE: 86 9 21 0 89.79437638221452 1.9837485224375278 97.02572189532398
EDGE: 87 9 22 0 63.97277359716721 8.642828898598207 56.26635816245875
EDGE: 88 9 23 0 45.980614933699684 11.571426656298812 82.6056495846171
EDGE: 89 9 24 0 76.79348643406071 12.132567964299433 98.8036490833166
EDGE: 90 9 25 0 96.86344241097085 17.516298259854494 19.33069223553776
EDGE: 91 10 16 1 81.4646324932564 15.496589930881335 88.91634259558883
EDGE: 92 10 17 1 47.667517229641376 2.022521774804316 24.280461174436084
EDGE: 93 10 18 1 51.959358521119405 9.289946749749355 81.33062627165587
EDGE: 94 10 19 1 30.077433009215476 14.938867339020014 80.94023175464758
EDGE: 95 10 20 1 22.232763606380537 19.239543253813178 21.314156270212102
EDGE: 96 10 21 1 97.57598664517191 12.566843875053186 13.90398042254362
EDGE: 97 10 22 1 11.49333267666973 15.117662832262349 42.85230415480368
EDGE: 98 10 23 1 38.11946231421021 11.700211843689381 35.02579047537185
EDGE: 99 10 24 1 38.315299389268084 3.516800243376908 98.8391637788979
EDGE: 100 10 25 1 30.282777864606086 17.1732217950005 85.27741806136771
EDGE: 101 11 16 0 95.97477028351356 2.6781439981918584 83.79114348321512
EDGE: 102 11 17 0 91.50729612244969 2.9449259981796545 89.0698666342831
EDGE: 103 11 18 0 73.89241691658586 1.276053083591362 12.09096516301815
EDGE: 104 11 19 0 69.58409190987643 3.496907671002523 20.29674464900635
EDGE: 105 11 20 0 82.56554035746285 7.810870599212509 17.26984918298418
EDGE: 106 11 21 0 61.005528938587794 16.071763057511777 51.85726208649502
EDGE: 107 11 22 0 41.872334206789944 17.01241836892936 50.33574491883266
EDGE: 108 11 23 0 82.31790719991989 8.029694606188563 92.91662248978459
EDGE: 109 11 24 0 25.1311565524246 9.406516375346431 77.65537718615525
EDGE: 110 11 25 0 93.1080544607731 5.350545542571541 20.6616801808917
EDGE: 111 12 16 0 83.79761221796413 9.946872635243675 71.39793816076929
EDGE: 112 12 17 0 51.756612428376556 15.058625736486663 45.80963878639064
EDGE: 113 12 18 0 10.18226577230297 8.364681277277729 98.04825204798303
EDGE: 114 12 19 0 67.59087174718519 14.097673738634354 43.62761313227157
EDGE: 115 12 20 0 58.07179537470647 4.638282791982362 22.99719583698819
EDGE: 116 12 21 0 15.569963387825087 13.933295968352352 34.72087019844221
EDGE: 117 12 22 0 63.636412617313646 10.735218128248565 81.71720540942493
EDGE: 118 12 23 0 72.13519018339801 5.910225803885372 62.34755845298865
EDGE: 119 12 24 0 11.506330946913177 15.52903074788821 80.5306831953953
EDGE: 120 12 25 0 53.35835100006173 15.141751625958651 75.51773924490027
EDGE: 121 13 16 1 73.4001353205476 19.543153833341968 52.47910915332785
EDGE: 122 13 17 1 49.02084330885407 1.458651045106313 89.63453561034451
EDGE: 123 13 18 1 59.18782561850621 3.924229540522801 86.30067327862615
EDGE: 124 13 19 1 98.75636647082567 15.694980221990578 18.935199430704113
EDGE: 125 13 20 1 42.77137641097784 6.797202729613879 39.02424013468328
EDGE: 126 13 21 1 98.89002960736026 17.338058483944426 37.489926379059455
EDGE: 127 13 22 1 77.6656077301483 9.90453450864091 45.18746294064276
EDGE: 128 13 23 1 71.10669910824032 18.31999502355823 98.0162175816719
EDGE: 129 13 24 1 89.66219402131189 8.181875899222238 58.18684765120409
EDGE: 130 13 25 1 46.58135947448546 6.478098307226112 50.26661273728539
EDGE: 131 14 16 0 66.45959988981147 12.672550215220426 11.767594621137263
EDGE: 132 14 17 0 11.704340653432375 18.96151427166736 23.247586244726907
EDGE: 133 14 18 0 56.64179194560084 7.933182906527357 52.16102834808838
EDGE: 134 14 19 0 24.03420098578522 18.611436625998238 38.02744784542963
EDGE: 135 14 20 0 52.88849859843765 3.832827600267559 43.87740064154835
EDGE: 136 14 21 0 89.61108606504517 10.09223264770996 90.39103195528472
EDGE: 137 14 22 0 36.79986375273916 3.3979263838466656 94.66192934409065
EDGE: 138 14 23 0 45.26336536954079 1.3008262329567883 75.09901786299758
EDGE: 139 14 24 0 35.21828167781119 17.105456034911366 87.62184118894386
EDGE: 140 14 25 0 72.04037568464699 9.33168767663441 26.009649546652827
EDGE: 141 15 16 0 60.430244920884945 11.7765930048896 11.032250745153076
EDGE: 142 15 17 0 58.40407921038476 11.024766988016415 88.82073014272413
EDGE: 143 15 18 0 99.13101332579207 9.973251833958976 18.82868091477046
EDGE: 144 15 19 0 14.312427150511002 8.873718943379771 25.68963769100901
EDGE: 145 15 20 0 67.5348897566071 9.549834758748318 77.29405760388084
EDGE: 146 15 21 0 69.82728428750045 7.821763900999701 53.48921640260478
EDGE: 147 15 22 0 32.513972950447396 5.762536290420893 65.94795385705135
EDGE: 148 15 23 0 54.379681870200244 7.222523095355801 69.95735377686958
EDGE: 149 15 24 0 31.14813487728087 4.0885480271788515 53.14592747639942
EDGE: 150 15 25 0 25.32524560137995 2.993178239932041 14.498030088707416
EDGE: 151 16 26 0 13.569084313752679 11.65750988537498 39.396756248614906
EDGE: 152 16 27 0 76.92258147465927 18.737297977600324 82.89168342918154
EDGE: 153 16 28 0 96.48130357146418 18.947542962438103 13.905377920756731
EDGE: 154 16 29 0 33.36746825969297 18.364669824648832 77.6726788324516
EDGE: 155 16 30 0 77.24267247750488 7.148220266631443 22.34934374202559
EDGE: 156 16 31 0 12.01563200902073 13.485487367057384 78.43171327265063
EDGE: 157 16 32 0 60.88760745135861 2.3428072709465244 56.39662825160267
EDGE: 158 16 33 0 75.4269373038638 18.60623574347302 48.80095109866808
EDGE: 159 16 34 0 24.975515694387116 12.4121232883938 47.972547132814185
EDGE: 160 16 35 0 93.36380346933674 5.90461314080036 69.37972236100654
EDGE: 161 16 36 0 39.647364843369964 10.312365676825817 93.78367476402626
EDGE: 162 16 37 0 58.37665700702747 16.110842237059384 28.35857256370828
EDGE: 163 16 38 0 92.77322376014087 18.12923866908705 68.10649384051473
EDGE: 164 16 39 0 41.10922512265211 16.772703796544956 54.0994929427583
EDGE: 165 16 40 0 22.5735271995895 9.060731809407887 54.34866266274394
EDGE: 166 16 41 0 73.9565064071717 15.931649041600322 26.43015266102016
EDGE: 167 16 42 0 82.59692874524819 14.230896445205325 78.39064654689642
EDGE: 168 16 43 0 94.20820007974828 12.987318617646938 35.90991307079673
EDGE: 169 16 44 0 76.43752492958382 8.986952656276134 79.21558621259501
EDGE: 170 16 45 0 10.310421133748006 19.27783001354103 82.82546890340112
EDGE: 171 16 46 0 62.074272683422414 13.082082856401788 84.83515697973367
EDGE: 172 16 47 0 67.37853174448333 5.653161112338202 30.17391464174088
EDGE: 173 16 48 0 68.21541857089633 7.896248554620686 44.01929229991094
EDGE: 174 16 49 0 90.59386330627395 19.068984798045918 37.39104673713552
EDGE: 175 16 50 0 67.53073043838543 19.597374478499475 46.83752344272595
EDGE: 176 17 26 0 77.61717353911602 11.978290928668198 14.082714007967963
EDGE: 177 17 27 0 34.15437072096202 18.895247163736258 69.519800145251
EDGE: 178 17 28 0 43.65162845524075 16.048145363364057 75.51705169182337
EDGE: 179 17 29 0 25.341218798617387 14.79046839027964 21.644567514269653
EDGE: 180 17 30 0 15.288158319717965 4.4789253268057685 44.13535985619235
EDGE: 181 17 31 0 69.65942196662911 2.47080929524717 86.16193247363896
EDGE: 182 17 32 0 11.7659418561164 7.953376976410635 23.839506566392927
EDGE: 183 17 33 0 26.602048797020053 19.257307099998428 15.259722539006436
EDGE: 184 17 34 0 54.78088593628688 8.992838277680136 46.3136037752957
EDGE: 185 17 35 0 55.000584892885165 16.25244985696324 27.580257471748094
EDGE: 186 17 36 0 90.47488652123619 18.247972062393014 51.137810181968355
EDGE: 187 17 37 0 10.123162917448049 18.092793843239868 34.79563458270111
EDGE: 188 17 38 0 89.73868377742531 19.001350534592625 43.95207004407927
EDGE: 189 17 39 0 71.840250135817 2.9583526363172483 68.04935159031876
EDGE: 190 17 40 0 75.46113669804272 2.909237939408661 29.42757044208523
EDGE: 191 17 41 0 68.74069943289967 3.741106887328085 27.272073838791734
EDGE: 192 17 42 0 27.85770802536213 1.7599139337027796 58.303762860416775
EDGE: 193 17 43 0 25.58089844483458 5.024977366212669 48.8793597224792
EDGE: 194 17 44 0 91.51100156754144 5.775878852698005 30.248751029701715
EDGE: 195 17 45 0 73.94986845266581 13.279602225221419 19.859155816059946
EDGE: 196 17 46 0 90.25613264768891 5.737290631194099 86.80085133265733
EDGE: 197 17 47 0 48.533134176860244 17.420263744795665 28.756880250612404
EDGE: 198 17 48 0 78.54377579020989 1.9539699020146961 21.149137775975575
EDGE: 199 17 49 0 13.858136325675154 17.636312727867196 56.56588773012327
EDGE: 200 17 50 0 80.41367105281206 17.86332458745973 24.0107972768471
EDGE: 201 18 26 0 18.90403284640887 1.1404246232946544 23.031162221275878
EDGE: 202 18 27 0 69.71142439200375 8.781528382993516 67.36309854926927
EDGE: 203 18 28 0 99.45871638837963 14.241041914723754 66.37401126500252
EDGE: 204 18 29 0 97.68140559868736 17.08530855421189 20.28777821055946
EDGE: 205 18 30 0 40.6057859677524 9.89033756339445 56.94560861320434
EDGE: 206 18 31 0 46.56855572235358 17.851674756659182 93.68567890917491
EDGE: 207 18 32 0 54.22439489092636 9.610049086546043 67.81716651519767
EDGE: 208 18 33 0 40.36192026097129 5.732943025489188 63.1194276715583
EDGE: 209 18 34 0 38.88467470512471 2.4475252795559106 37.81459173336527
EDGE: 210 18 35 0 46.312715341213085 4.594389900444538 61.541991280767405
EDGE: 211 18 36 0 62.02164449240642 15.3643287932164 35.00537107330186
EDGE: 212 18 37 0 13.359753224395169 9.191889275977381 86.16889487295106
EDGE: 213 18 38 0 46.77034483832453 15.209736432724615 31.14559079935144
EDGE: 214 18 39 0 26.09500687012895 5.916865667936466 66.25193452945942
EDGE: 215 18 40 0 88.34506086444989 10.181486760035986 10.094802863765377
EDGE: 216 18 41 0 65.40216738570571 15.385918043814836 21.012200225502557
EDGE: 217 18 42 0 57.34540651304508 1.4261124777643999 85.70663494430394
EDGE: 218 18 43 0 69.40098951591335 9.402448898910544 39.49020035056185
EDGE: 219 18 44 0 49.87211502709221 10.181205335986384 57.20290214551129
EDGE: 220 18 45 0 20.830219322156275 15.56764890324664 16.570922266379412
EDGE: 221 18 46 0 26.835329942183673 11.611954296035819 12.539054997126959
EDGE: 222 18 47 0 79.50193876815986 5.568178171849323 91.94162347049134
EDGE: 223 18 48 0 67.33821001752366 10.24430511732979 12.768781284014473
EDGE: 224 18 49 0 80.96014885377355 3.917886414251716 61.240183137264026
EDGE: 225 18 50 0 73.51866991519175 2.6470796947745083 62.915554096278115
EDGE: 226 19 26 0 84.97636767610776 3.6809179704582125 11.151815980474236
EDGE: 227 19 27 0 36.732059996632856 14.765402321864705 67.35895771554586
EDGE: 228 19 28 0 80.01508986995161 2.45354724514063 42.711956081167706
EDGE: 229 19 29 0 17.457595646136276 7.057775878539424 30.243593784373182
EDGE: 230 19 30 0 32.3018992294093 1.632081062711968 29.573137435270574
EDGE: 231 19 31 0 93.81137100622422 15.339152995492197 63.91838261093958
EDGE: 232 19 32 0 50.627070904417586 6.744182939638142 20.49367685303145
EDGE: 233 19 33 0 16.04872663102494 6.982343070583043 60.91408150200775
EDGE: 234 19 34 0 10.517434186962673 14.370949426387062 27.80596115433502
EDGE: 235 19 35 0 36.93883879961143 19.88010033061127 77.46679943704783
EDGE: 236 19 36 0 73.90935574998797 13.937096488157094 36.122173125712145
EDGE: 237 19 37 0 90.39429127820142 16.320237070000307 69.09537758570673
EDGE: 238 19 38 0 52.955625753198916 18.396586784589413 98.03525617143025
EDGE: 239 19 39 0 93.23846978055712 9.676107401214495 71.24039419440501
EDGE: 240 19 40 0 89.09906979838291 9.591051429214343 46.07290987969728
EDGE: 241 19 41 0 27.49359423021338 19.56479984445686 50.47262378165844
EDGE: 242 19 42 0 11.0456885944654 11.808344591570837 82.66248952655846
EDGE: 243 19 43 0 13.072188170184706 4.875389612347987 24.278784940311283
EDGE: 244 19 44 0 67.77016105541324 17.818575321282147 22.364536694950715
EDGE: 245 19 45 0 63.254798412123485 4.819587926207755 79.93235639485943
EDGE: 246 19 46 0 85.18649592740017 9.414962742883569 23.132834818613677
EDGE: 247 19 47 0 47.83678908101309 19.907137096224663 35.45729896481183
EDGE: 248 19 48 0 57.616658951165896 15.236856594147799 85.85875236759162
EDGE: 249 19 49 0 51.32701308908422 5.4982919580381555 38.192469117238396
EDGE: 250 19 50 0 77.69000155967127 1.402264585189713 33.95769439482973
EDGE: 251 20 26 0 76.08117379565019 13.335732575870898 88.96457718215487
EDGE: 252 20 27 0 50.80625709672605 3.2272363369528487 87.25549154527204
EDGE: 253 20 28 0 42.75269933256463 8.208251777518004 12.377456467877371
EDGE: 254 20 29 0 22.79497816590159 18.059442686699843 96.93252645984454
EDGE: 255 20 30 0 72.94392022377306 12.648562572891214 66.22549031502672
EDGE: 256 20 31 0 81.90419115368877 1.003293182618477 30.783405888611025
EDGE: 257 20 32 0 71.440392224677 2.3175649161551846 65.53898947785348
EDGE: 258 20 33 0 78.75106039939101 6.063942587853364 90.5500045970231
EDGE: 259 20 34 0 77.91115031591647 5.477422950278122 49.269352789966206
EDGE: 260 20 35 0 60.36745137904326 6.987520580851911 35.58567529795443
EDGE: 261 20 36 0 90.4577230367968 9.705787239397909 50.12179344485001
EDGE: 262 20 37 0 86.97309887460624 19.824936746383926 99.60846477503819
EDGE: 263 20 38 0 65.8947165622941 5.753516383729654 60.543472565437426
EDGE: 264 20 39 0 12.609295647264744 13.996599432515508 59.80111768950472
EDGE: 265 20 40 0 14.144767534014186 9.198230115878266 50.374839156924956
EDGE: 266 20 41 0 13.265833737617251 15.385394197650069 60.015691472232334
EDGE: 267 20 42 0 36.630704223891016 19.296047565476847 94.1719919655593
EDGE: 268 20 43 0 58.6340689845843 11.735265094431295 62.340618107940514
EDGE: 269 20 44 0 91.0476982771923 12.183848595016768 58.70786166703448
EDGE: 270 20 45 0 56.11887910730167 16.38274324057152 43.78798458071503
EDGE: 271 20 46 0 97.39824191975315 13.33440524042177 33.6600604231798
EDGE: 272 20 47 0 78.24235040255643 5.098765498717253 17.35887382276465
EDGE: 273 20 48 0 32.672750980916405 13.916724415135668 10.993164373519306
EDGE: 274 20 49 0 17.07201235234607 15.568127856976355 59.24457347486815
EDGE: 275 20 50 0 44.05861855881615 13.463947070982602 41.043295546398205
EDGE: 276 21 26 0 11.80639953828204 19.783916190657614 96.42144535009695
EDGE: 277 21 27 0 93.0605082800951 1.0011456823745286 45.81275735686849
EDGE: 278 21 28 0 48.150791673373675 1.384258855286138 41.397313200691116
EDGE: 279 21 29 0 15.414728744498802 14.53536963551692 22.48258414105891
EDGE: 280 21 30 0 30.615922547302173 9.70874619798284 73.36711809377744
EDGE: 281 21 31 0 94.18048548251173 5.5602731695747565 42.65079979790919
EDGE: 282 21 32 0 31.37246913313772 5.101856765757474 77.53571575961381
EDGE: 283 21 33 0 15.890816477209171 18.97767814110934 15.304178262215784
EDGE: 284 21 34 0 81.79414987308772 17.740739686195365 66.86558332295937
EDGE: 285 21 35 0 42.146043117759305 6.588408099041444 14.031357876810794
EDGE: 286 21 36 0 65.32222528631848 7.014690309427781 13.007278265298739
EDGE: 287 21 37 0 61.53253391856983 3.05474608301239 11.485097693955492
EDGE: 288 21 38 0 22.78422522257269 10.233670427159456 55.6704337923262
EDGE: 289 21 39 0 39.24959744881221 10.98684852712861 46.60147480014204
EDGE: 290 21 40 0 33.799714009535535 15.193208317349805 12.193134124970358
EDGE: 291 21 41 0 94.32731991122814 10.55547178723118 72.58387305574453
EDGE: 292 21 42 0 30.40590373607466 2.873030921248591 11.56745992333534
EDGE: 293 21 43 0 76.8181550977725 19.783342682748753 16.159545579906442
EDGE: 294 21 44 0 11.535922225441208 3.296764675431808 49.67901316367429
EDGE: 295 21 45 0 69.84508149044498 3.4175268816156867 61.11656985614971
EDGE: 296 21 46 0 69.48256940988571 12.330053483390765 65.01826599250376
EDGE: 297 21 47 0 23.88915099867085 3.035132606438189 21.629020033884796
EDGE: 298 21 48 0 21.980341168133812 1.9444370026885593 86.62150465649603
EDGE: 299 21 49 0 83.19920051568666 10.784697120143852 23.378145126455145
EDGE: 300 21 50 0 86.03856305435497 14.224327681403697 28.499204315079023
EDGE: 301 22 26 0 36.70660510002405 6.915595875834931 52.977399809119945
EDGE: 302 22 27 0 92.15844181381587 11.144440336952437 77.30965210248614
EDGE: 303 22 28 0 38.327829882950006 15.997821647519743 98.70910243601136
EDGE: 304 22 29 0 70.06682011691029 11.895008039495563 32.53561066028918
EDGE: 305 22 30 0 84.03759714659688 3.4844770654682424 18.080564967813178
EDGE: 306 22 31 0 19.599484651548927 9.282133704629157 30.92185090654507
EDGE: 307 22 32 0 75.59553095034488 9.019320370131574 90.20747814637652
EDGE: 308 22 33 0 32.86681769946692 16.48061922654391 69.43136034418691
EDGE: 309 22 34 0 73.3090280244123 5.64171502798422 83.53239996078075
EDGE: 310 22 35 0 66.33461082047657 11.166618866692957 83.47804695761067
EDGE: 311 22 36 0 92.7152072499325 4.791319201080683 91.88611934166696
EDGE: 312 22 37 0 33.952846192924795 4.807453208272472 19.693730918490722
EDGE: 313 22 38 0 82.56473271257859 19.76486443963607 24.399742457799707
EDGE: 314 22 39 0 14.965274292666633 13.63593704492357 84.98726761910453
EDGE: 315 22 40 0 23.99034454410367 18.027366809035097 57.275290315491084
EDGE: 316 22 41 0 32.53258205942596 16.58655850488694 26.153581513706765
EDGE: 317 22 42 0 23.242871751737937 16.530108920379462 57.922634247722726
EDGE: 318 22 43 0 51.80197151567573 9.220854426917885 96.79045361568097
EDGE: 319 22 44 0 22.877580695825813 3.9377461268113745 64.47058012182406
EDGE: 320 22 45 0 58.55597584396894 1.4193270750499352 90.78084548377025
EDGE: 321 22 46 0 38.77365152055525 5.416869550720826 56.159894995482276
EDGE: 322 22 47 0 12.073286619747297 1.3672450850992552 44.098605897876354
EDGE: 323 22 48 0 52.869579201220766 2.3883804781237377 62.62613063583868
EDGE: 324 22 49 0 28.334456085932835 14.111671889704587 19.195334340549532
EDGE: 325 22 50 0 63.99735789754557 13.396008077513414 62.57999940996834
EDGE: 326 23 26 0 92.20524481356804 11.717066071966277 98.72624815521058
EDGE: 327 23 27 0 11.698208396130244 19.99332993410847 44.893175066408716
EDGE: 328 23 28 0 59.73044577774942 7.7967981685284515 27.872846943242745
EDGE: 329 23 29 0 30.4026959321652 15.301620420309193 87.59727592769087
EDGE: 330 23 30 0 14.17099475570293 12.947925965630324 37.020189555039295
EDGE: 331 23 31 0 73.8580417593707 1.6408865348465227 62.80388624973245
EDGE: 332 23 32 0 71.91718265354434 13.366571251799362 79.04660338868206
EDGE: 333 23 33 0 42.18543887792783 15.386427414757053 38.053404784002396
EDGE: 334 23 34 0 16.910776315812 5.671248139691106 47.98362324642594
EDGE: 335 23 35 0 36.45017595991641 14.953259174417298 37.10053807683754
EDGE: 336 23 36 0 64.70886275376236 11.711475020548905 58.30398817984407
EDGE: 337 23 37 0 28.12740737466554 4.560757555289216 95.64424698783682
EDGE: 338 23 38 0 29.82222804038176 1.889027483401002 66.59550899651038
EDGE: 339 23 39 0 53.34634720199524 11.179852537875561 40.009982066624104
EDGE: 340 23 40 0 42.461090501970695 2.2691649702733976 29.878597978700316
EDGE: 341 23 41 0 84.29573921735165 11.815124426755418 59.29197134290394
EDGE: 342 23 42 0 43.320989395969995 19.509180713679157 17.32529427410643
EDGE: 343 23 43 0 12.673372019635362 8.024143912299328 13.963437072789315
EDGE: 344 23 44 0 77.54164535212406 11.381616646007581 74.63760534279629
EDGE: 345 23 45 0 22.562487932964014 12.326396984711453 36.46249359693694
EDGE: 346 23 46 0 11.471619918188457 2.4194898542922854 22.842930194631997
EDGE: 347 23 47 0 32.61788636912452 19.9041472548314 51.76158608966301
EDGE: 348 23 48 0 18.37155628911204 11.960867032223405 25.764445821633778
EDGE: 349 23 49 0 59.94452133164166 5.747563958411389 98.42824180059036
EDGE: 350 23 50 0 51.68883996028918 17.620141288739692 82.92420445459604
EDGE: 351 24 26 0 50.55142258196525 11.146477116646322 23.18498887413388
EDGE: 352 24 27 0 57.03648753535025 10.963346774138534 47.13680092021406
EDGE: 353 24 28 0 83.7637461836729 8.181090819332077 24.47621636003242
EDGE: 354 24 29 0 86.5090642076075 16.914855998450545 78.55139326729915
EDGE: 355 24 30 0 80.47576718138426 14.614002655131575 33.04981239532269
EDGE: 356 24 31 0 41.46845088611704 10.1728104500471 29.399904422384434
EDGE: 357 24 32 0 57.62762884746318 5.335874552988122 80.06138032250139
EDGE: 358 24 33 0 52.432272884862826 8.660615940929503 56.20921821815059
EDGE: 359 24 34 0 13.788656559337593 7.267096405797094 45.70885832488304
EDGE: 360 24 35 0 97.19780511105267 1.7918593737925086 98.73516067459973
EDGE: 361 24 36 0 83.23005006996156 9.36778674944825 83.90534167334718
EDGE: 362 24 37 0 90.83416634158458 3.0759824625807775 27.37611943898977
EDGE: 363 24 38 0 88.36977497474216 8.158476256741721 70.99792176609421
EDGE: 364 24 39 0 83.67559807765821 8.342056502699213 33.32406477181495
EDGE: 365 24 40 0 72.97244769143988 19.903813930897982 49.04037257155953
EDGE: 366 24 41 0 45.94866671812737 6.6080091527481715 48.21083638423325
EDGE: 367 24 42 0 90.98705688459026 9.361643315336192 56.62745507020856
EDGE: 368 24 43 0 90.16619057653891 5.372635857500957 62.50745347925608
EDGE: 369 24 44 0 68.40528949941682 12.749790444734638 12.798717914572585
EDGE: 370 24 45 0 24.920696284288788 17.85774928053212 84.43431163154874
EDGE: 371 24 46 0 38.02332244169432 15.332909863120413 72.0195333872919
EDGE: 372 24 47 0 36.2102242097517 2.477806312704499 33.6400486685904
EDGE: 373 24 48 0 79.48985276239807 3.7817266118542485 90.74723413603334
EDGE: 374 24 49 0 84.92929749409856 15.56435569096827 66.40689423772753
EDGE: 375 24 50 0 39.5232039142694 10.20702518477168 18.590148103094958
EDGE: 376 25 26 0 41.65786829868831 7.122650465193932 51.640330148870554
EDGE: 377 25 27 0 29.680315137298077 7.520726609250125 79.56732806168255
EDGE: 378 25 28 0 82.38104312425526 5.147773868372749 89.40086209577046
EDGE: 379 25 29 0 21.560403931041428 14.526391768409258 81.47681139814947
EDGE: 380 25 30 0 81.27241085506233 13.777612210829217 26.23571174071412
EDGE: 381 25 31 0 31.826161644409517 13.891505854634294 93.88021258715453
EDGE: 382 25 32 0 89.17378142321176 19.31003085651372 84.0682612815309
EDGE: 383 25 33 0 71.92524330708878 12.903876548749297 77.71145918859618
EDGE: 384 25 34 0 48.90414332358159 8.861584778604513 61.90303199310729
EDGE: 385 25 35 0 49.89490033384535 11.66449784224854 32.017482530456995
EDGE: 386 25 36 0 71.03066866169954 6.195117629071685 82.10404696721261
EDGE: 387 25 37 0 14.132548741836462 9.119217334671134 85.8386839647005
EDGE: 388 25 38 0 96.23455451900728 19.993587189678667 25.504356190071288
EDGE: 389 25 39 0 71.51509267842403 11.081555667623237 75.7369871898021
EDGE: 390 25 40 0 42.904535352796856 13.607462503851028 42.10454937105167
EDGE: 391 25 41 0 54.7498274155749 9.149019183436833 61.979271375518145
EDGE: 392 25 42 0 31.090858568033504 10.053036927134544 46.61809031774365
EDGE: 393 25 43 0 26.339696681340904 18.165248665967034 18.884029781640123
EDGE: 394 25 44 0 26.452555966690053 13.789001121622974 90.62123859164444
EDGE: 395 25 45 0 29.045772070399522 17.630349923030987 17.33904257136737
EDGE: 396 25 46 0 70.3308105878817 5.5486169761738315 15.565418391262972
EDGE: 397 25 47 0 35.22971666365561 8.211750342039586 79.997872971776
EDGE: 398 25 48 0 34.5812268339932 5.254840299940422 53.40981447845934
EDGE: 399 25 49 0 79.95907176513809 19.25792335617725 82.16302845564572
EDGE: 400 25 50 0 22.297846981983653 12.795733695721518 14.132030284396393
