NAME : null
NBR_NODES : 50
NBR_EDGES : 481
T : 53.59678153920576
# NODE: i x_i y_i b_i g_i s_i
# x_i, y_i : x, y of node i
# b_i : demand of node_i, <0 for depot, >0 for client, =0 for platforms
# g_i : cost for using node i, >0 only for platforms
# s_i : time for crossing node _i, >0 only for platforms
NODE: 1 10 10 -17 0.0 0.0
NODE: 2 10 20 -19 0.0 0.0
NODE: 3 10 30 -18 0.0 0.0
NODE: 4 10 40 -17 0.0 0.0
NODE: 5 10 50 -19 0.0 0.0
NODE: 6 10 60 -21 0.0 0.0
NODE: 7 10 70 -10 0.0 0.0
NODE: 8 10 80 -18 0.0 0.0
NODE: 9 10 90 -20 0.0 0.0
NODE: 10 10 100 -21 0.0 0.0
NODE: 11 10 110 -15 0.0 0.0
NODE: 12 10 120 -19 0.0 0.0
NODE: 13 10 130 -24 0.0 0.0
NODE: 14 50 10 0 90.66759333891696 56.46714762407109
NODE: 15 50 20 0 20.62817083243487 69.32688683915026
NODE: 16 50 30 0 43.260214339074764 82.5608259051588
NODE: 17 50 40 0 60.49740762084196 11.648344897458449
NODE: 18 50 50 0 63.83502637552801 93.80744201150881
NODE: 19 50 60 0 59.15765571270308 33.05318368987851
NODE: 20 50 70 0 63.43474953650502 85.24954894820493
NODE: 21 50 80 0 63.486439803105 57.55248645956682
NODE: 22 50 90 0 22.020030263486774 36.4572588375468
NODE: 23 50 100 0 73.79014357479244 12.504907235706757
NODE: 24 50 110 0 52.98174668230327 66.2134481394464
NODE: 25 50 120 0 74.22629694554497 33.40316661627962
NODE: 26 50 130 0 33.53861165965986 81.48700635016134
NODE: 27 100 10 13 0.0 0.0
NODE: 28 100 20 14 0.0 0.0
NODE: 29 100 30 6 0.0 0.0
NODE: 30 100 40 10 0.0 0.0
NODE: 31 100 50 7 0.0 0.0
NODE: 32 100 60 9 0.0 0.0
NODE: 33 100 70 11 0.0 0.0
NODE: 34 100 80 8 0.0 0.0
NODE: 35 100 90 11 0.0 0.0
NODE: 36 100 100 9 0.0 0.0
NODE: 37 100 110 13 0.0 0.0
NODE: 38 100 120 12 0.0 0.0
NODE: 39 100 130 11 0.0 0.0
NODE: 40 100 140 11 0.0 0.0
NODE: 41 100 150 11 0.0 0.0
NODE: 42 100 160 8 0.0 0.0
NODE: 43 100 170 13 0.0 0.0
NODE: 44 100 180 10 0.0 0.0
NODE: 45 100 190 14 0.0 0.0
NODE: 46 100 200 14 0.0 0.0
NODE: 47 100 210 9 0.0 0.0
NODE: 48 100 220 6 0.0 0.0
NODE: 49 100 230 10 0.0 0.0
NODE: 50 100 240 13 0.0 0.0
# EDGE: k i j u_ij c_ij h_ij t_ij
# i : starting node of edge k
# j : ending node of edge k
# u_ij : capacity of edge (i,j)
# c_ij : fixed cost for the use of (i,j)
# h_ij : unit cost for (i,j)
# t_ij : delivery time for (i,j)
EOF
EDGE: 1 1 14 0 72.96888403132911 8.441633188898594 93.23757306542035
EDGE: 2 1 15 0 30.208540626690066 6.190370064852894 23.606599421243168
EDGE: 3 1 16 0 39.66906256655744 2.035730946397851 45.11066945918923
EDGE: 4 1 17 0 52.95480659287649 15.14494917606375 53.699209388389946
EDGE: 5 1 18 0 90.41019886681353 9.152379393492973 85.931369625148
EDGE: 6 1 19 0 57.62433104733082 14.421985164626882 81.38553193331536
EDGE: 7 1 20 0 44.3408660943816 13.886378607049233 50.1262492115937
EDGE: 8 1 21 0 63.316231215982505 4.588115659660367 19.944472380677404
EDGE: 9 1 22 0 59.530522517277845 10.641717721234171 84.2295417193094
EDGE: 10 1 23 0 72.0792590677404 2.1464263660325735 31.536489292199338
EDGE: 11 1 24 0 82.06050829341794 3.60995573725818 92.17973492092935
EDGE: 12 1 25 0 49.820753294539514 14.692540813906064 15.514412016255106
EDGE: 13 1 26 0 54.034124194032415 14.548353087029028 93.95906195459234
EDGE: 14 2 14 0 93.26354486599502 17.72787336375388 36.268564151594205
EDGE: 15 2 15 0 77.88857652455513 15.510087182072137 93.08371971368905
EDGE: 16 2 16 0 36.583650205393006 13.657394588425763 72.36400828029207
EDGE: 17 2 17 0 26.891634527292904 11.928897707219662 50.95258714008323
EDGE: 18 2 18 0 23.861579663501917 11.249246899739891 11.227708884824546
EDGE: 19 2 19 0 94.20576641919082 12.210512019305016 48.56228744200136
EDGE: 20 2 20 0 85.98002627005198 15.583558267128424 26.143438862636202
EDGE: 21 2 21 0 15.4026184539124 4.733182678945831 18.59639031329905
EDGE: 22 2 22 0 23.100812730785293 9.267795151716197 54.812233929175925
EDGE: 23 2 23 0 31.810603832100977 10.90969214716601 73.39657604707466
EDGE: 24 2 24 0 16.35384890943144 5.4460034942879725 91.23621965221717
EDGE: 25 2 25 0 24.578443720817347 2.7131624789421966 46.82357170193581
EDGE: 26 2 26 0 74.87095026986852 10.879271660911085 55.18360266794363
EDGE: 27 3 14 0 21.837468109707455 9.819013012737608 40.51566445008264
EDGE: 28 3 15 0 46.79731578593021 8.124770554915283 95.99266758542404
EDGE: 29 3 16 0 83.84546847347616 5.265414505185927 97.55260964158856
EDGE: 30 3 17 0 55.413473549326866 13.590706639289944 49.972555707254884
EDGE: 31 3 18 0 23.494944166385785 18.284578887840365 29.032759501162182
EDGE: 32 3 19 0 74.00052141688782 6.994535292343855 33.15867579017416
EDGE: 33 3 20 0 72.06853787111672 15.707230971735079 81.57119713471046
EDGE: 34 3 21 0 75.58145952820482 7.501775195323715 33.68053169060428
EDGE: 35 3 22 0 22.62446917064841 10.09260424945577 96.22671182027085
EDGE: 36 3 23 0 56.171438682122584 6.572773015130029 80.49979364959826
EDGE: 37 3 24 0 75.89479844587196 2.4863058464173227 51.86541568333434
EDGE: 38 3 25 0 62.66972475591747 4.294754409312543 67.77641482595375
EDGE: 39 3 26 0 66.07930401605475 18.45839489446079 48.46882499063407
EDGE: 40 4 14 0 19.026214554998575 1.7265141555095607 46.620624525834764
EDGE: 41 4 15 0 66.41781746536097 6.824014424831497 58.39420146855591
EDGE: 42 4 16 0 66.81527980764352 15.53307902597587 18.488580291650244
EDGE: 43 4 17 0 86.92380744862375 2.198926008286675 66.0949936440519
EDGE: 44 4 18 0 88.84978743309608 14.937696067802554 86.97953510896289
EDGE: 45 4 19 0 19.162024062511655 7.292286814711269 69.30914343936148
EDGE: 46 4 20 0 76.96808553803035 8.76848656284185 47.29226903711686
EDGE: 47 4 21 0 15.453037661182275 5.58901308223218 67.22314294542261
EDGE: 48 4 22 0 57.62678784700734 2.127105729008602 35.09867840273148
EDGE: 49 4 23 0 72.3874553688187 6.824076321578116 93.61957106600812
EDGE: 50 4 24 0 21.43213462254004 2.9567604696590726 99.09225643904826
EDGE: 51 4 25 0 41.03265117979794 13.401074688503881 15.515988922498869
EDGE: 52 4 26 0 55.24279027303509 16.53691857935025 93.96933101763553
EDGE: 53 5 14 0 48.71481100379842 9.657420046024042 10.302975343853072
EDGE: 54 5 15 0 87.97684162263027 8.682062986729662 53.100851693484074
EDGE: 55 5 16 0 79.75911580610264 4.628492067619783 46.88910690038307
EDGE: 56 5 17 0 33.75584966512068 13.171828548128728 52.652534713056916
EDGE: 57 5 18 0 95.07084207217774 11.713093816039496 48.86073019057155
EDGE: 58 5 19 0 58.51874090421745 12.68986520489852 41.41119508670002
EDGE: 59 5 20 0 22.94025035599983 5.3925608566621275 10.164303346896787
EDGE: 60 5 21 0 88.7383609274804 6.2987759182604 43.07505627006656
EDGE: 61 5 22 0 55.954019012980986 13.905861312825447 76.31913502388313
EDGE: 62 5 23 0 43.373505149915246 16.228467673830128 80.26587393203644
EDGE: 63 5 24 0 91.39606370211287 17.533036515550744 86.66832935030223
EDGE: 64 5 25 0 42.68922992856165 19.505264111148975 92.02066502433554
EDGE: 65 5 26 0 55.02054736739608 10.889317531650665 75.67575773266674
EDGE: 66 6 14 0 50.07826770124189 3.699117928819401 49.02085918432131
EDGE: 67 6 15 0 80.5799018371539 3.3822735928980334 13.776863980284801
EDGE: 68 6 16 0 45.516352703557615 8.8162737439943 43.316709954244686
EDGE: 69 6 17 0 79.99066239853816 2.7343227556063714 60.7911015107931
EDGE: 70 6 18 0 51.784265494602856 3.1147188490122066 61.80473255703586
EDGE: 71 6 19 0 61.51992642754209 12.222959256128572 17.403850010123936
EDGE: 72 6 20 0 77.08941692707785 15.369769004901684 75.21602515793924
EDGE: 73 6 21 0 55.875267606679394 1.041034544992874 12.725581472077355
EDGE: 74 6 22 0 60.21978716834684 19.867132801671655 16.873250410328826
EDGE: 75 6 23 0 62.58088797689736 1.9294395286921198 78.43612097979711
EDGE: 76 6 24 0 16.86300755106388 6.150797619840972 57.97412818005935
EDGE: 77 6 25 0 91.52285746079421 19.98453023960358 62.52180635248608
EDGE: 78 6 26 0 68.22344176359714 5.303079449074693 78.65920484729587
EDGE: 79 7 14 0 37.04621572763377 11.292640924029524 98.11334172824142
EDGE: 80 7 15 0 55.570023984024665 1.2841854023826578 46.62175477404283
EDGE: 81 7 16 0 44.486778661152584 4.794026627274823 65.43218608671853
EDGE: 82 7 17 0 86.8477285728427 2.6086253777455797 67.51760146453995
EDGE: 83 7 18 0 71.52043435893665 8.528584220387842 17.353264406429503
EDGE: 84 7 19 0 53.98541618766664 3.385823545917573 63.932683831894494
EDGE: 85 7 20 0 69.21277964154223 11.165688143478613 51.591836425415146
EDGE: 86 7 21 0 52.032934287827196 4.502269089052065 52.16615710977362
EDGE: 87 7 22 0 70.15186523633122 14.4704922167781 25.02230466512543
EDGE: 88 7 23 0 53.76022963263457 4.472551064897708 28.586885338482883
EDGE: 89 7 24 0 33.54689323812104 18.109034219035642 68.13681210894957
EDGE: 90 7 25 0 95.85132861298881 7.2366212096031814 29.821090153820904
EDGE: 91 7 26 0 39.67566920978447 15.944493027247011 90.1514132068875
EDGE: 92 8 14 0 95.32596380722903 3.930629412316513 53.528990679811756
EDGE: 93 8 15 0 98.56361564452529 10.726937140725662 87.7676384229522
EDGE: 94 8 16 0 57.32168315488437 4.408674117446425 89.02824954512445
EDGE: 95 8 17 0 30.27718066892114 1.8289136757044793 33.09727690048243
EDGE: 96 8 18 0 17.86924226744366 9.042811679966203 79.52204306047454
EDGE: 97 8 19 0 76.71441048698101 19.42921481318715 28.75816460489465
EDGE: 98 8 20 0 77.79409280047783 6.07866961928719 20.189532355338706
EDGE: 99 8 21 0 47.275567053518834 17.29717177716368 90.64882196506909
EDGE: 100 8 22 0 96.37679087556097 8.574005956788962 58.896603802696454
EDGE: 101 8 23 0 43.29651857340291 11.079816864935008 21.409723679033114
EDGE: 102 8 24 0 75.90511768920406 16.697558874728195 38.7846347430101
EDGE: 103 8 25 0 68.62779705547582 17.744257236414832 40.07903464685296
EDGE: 104 8 26 0 40.75074367332216 4.915531288150729 14.49514009566395
EDGE: 105 9 14 0 86.2420753281376 2.577605089423419 65.95061011909877
EDGE: 106 9 15 0 37.10323706162852 19.343053576601687 56.28809409055258
EDGE: 107 9 16 0 33.252911477281415 6.896808635646789 77.14208798882369
EDGE: 108 9 17 0 91.99423950929676 19.287968076330934 18.81173241662016
EDGE: 109 9 18 0 49.227554017262136 7.3707263808605035 26.880865280451832
EDGE: 110 9 19 0 82.74460894973265 13.764276739495259 63.78166455930998
EDGE: 111 9 20 0 25.17662826294454 12.606786717553916 73.01579413959055
EDGE: 112 9 21 0 30.46735032413977 3.5026024975451593 48.32709692986044
EDGE: 113 9 22 0 33.10351531842231 14.404581703800572 98.76238200108706
EDGE: 114 9 23 0 93.75914844931775 3.7349999312953486 53.26198650012277
EDGE: 115 9 24 0 68.4962381154844 4.828734913095071 45.189350685360154
EDGE: 116 9 25 0 11.213308236675857 9.781464510817516 28.03892621638924
EDGE: 117 9 26 0 80.64466122355417 9.003385575633706 78.45431160768479
EDGE: 118 10 14 0 13.886921221766059 19.21548096229058 61.64358794087715
EDGE: 119 10 15 0 28.165826240252414 12.280639795958503 87.29641922653488
EDGE: 120 10 16 0 31.35505892345286 1.1359584677756565 21.18752888822314
EDGE: 121 10 17 0 79.62021540271284 7.1853224322191265 98.79378874940915
EDGE: 122 10 18 0 67.4848368024572 11.822890848513403 22.45717724734954
EDGE: 123 10 19 0 21.60179674475654 10.288383677875986 72.89349663634889
EDGE: 124 10 20 0 54.56211111691335 14.804090145516154 69.17679557998224
EDGE: 125 10 21 0 19.18460387747116 17.911295205148267 78.72197607111018
EDGE: 126 10 22 0 36.90367189069147 13.110336136444436 10.243262496615387
EDGE: 127 10 23 0 36.108723164317055 7.313787787614801 78.1836212463339
EDGE: 128 10 24 0 27.587709714826556 4.246283832293907 86.690459801814
EDGE: 129 10 25 0 14.58845679100745 18.76726681844276 94.85540793881013
EDGE: 130 10 26 0 74.4353880818505 14.154475315030165 22.641083481425355
EDGE: 131 11 14 0 57.12549762091122 16.6662541026264 38.68536232609112
EDGE: 132 11 15 0 13.876321101592408 15.199796685648126 37.00369858065077
EDGE: 133 11 16 0 55.2099198754947 11.58019814371307 99.50265534569817
EDGE: 134 11 17 0 33.83077823996011 12.951728040964808 65.17285031057838
EDGE: 135 11 18 0 32.291798061222245 17.897996915006722 34.84716058314677
EDGE: 136 11 19 0 39.24142598755178 2.291724558962647 72.49001857506809
EDGE: 137 11 20 0 60.90627360513389 15.467576609775511 20.126296575931743
EDGE: 138 11 21 0 66.38741401801319 11.12307873440759 43.723287934739595
EDGE: 139 11 22 0 76.33486888002679 12.382870502014622 81.60693586385987
EDGE: 140 11 23 0 54.613629824586994 17.710602552364286 55.32346454411807
EDGE: 141 11 24 0 21.685876798638247 6.820540987607912 15.250215754468972
EDGE: 142 11 25 0 96.6079139720677 7.427474969818595 49.71451945476306
EDGE: 143 11 26 0 61.77661828168225 11.578789645244662 96.89705257993622
EDGE: 144 12 14 0 60.85907939862399 2.4365992970319943 33.37614681737631
EDGE: 145 12 15 0 85.70040717852557 5.720597962251858 31.81218972034904
EDGE: 146 12 16 0 22.42851416420921 16.583815707277072 92.97623121557845
EDGE: 147 12 17 0 80.46101025148945 5.473743423137363 94.09456038262141
EDGE: 148 12 18 0 80.66819968063365 6.530305114477873 96.31107368460513
EDGE: 149 12 19 0 10.557426379861429 14.289934313809459 58.9618108326307
EDGE: 150 12 20 0 55.01795935928853 8.901539415115405 47.31116193043302
EDGE: 151 12 21 0 20.901797405036305 15.715404966486533 13.416772445932704
EDGE: 152 12 22 0 22.51473551343048 11.980112210506624 16.870298763317066
EDGE: 153 12 23 0 92.95325666796022 6.475321168508789 43.303707487510295
EDGE: 154 12 24 0 73.14671414488247 8.21979920181493 33.755916506041444
EDGE: 155 12 25 0 16.450540400789755 14.924331372941355 47.26214045524193
EDGE: 156 12 26 0 21.68511355697033 13.60819100912336 72.35837865037252
EDGE: 157 13 14 0 21.626159306760268 16.765613575741767 50.58607911042579
EDGE: 158 13 15 0 17.126458435208086 15.65523812233948 26.537075734896607
EDGE: 159 13 16 0 99.28495213741468 6.690760150749657 64.4964524527476
EDGE: 160 13 17 0 43.37811175165443 6.535059936730144 31.32114689258219
EDGE: 161 13 18 0 18.629836706097382 14.342842155170725 88.83455568143049
EDGE: 162 13 19 0 17.319933743663636 15.658352626219024 76.72261995965205
EDGE: 163 13 20 0 95.21755667753573 9.754999785204857 68.6843394582388
EDGE: 164 13 21 0 52.87483697019204 3.7027468163179087 40.41979690023926
EDGE: 165 13 22 0 83.9272482895931 9.16690035292944 87.93134625456705
EDGE: 166 13 23 0 32.22106847490495 16.87845363197247 28.568682132278113
EDGE: 167 13 24 0 74.32464881634486 12.871410888770754 25.26609153570302
EDGE: 168 13 25 0 77.77902628072343 16.956546826289788 36.50028252076082
EDGE: 169 13 26 0 88.30472600156024 19.493823767892913 80.63972944486991
EDGE: 170 14 27 0 31.105433868981045 4.337220273233544 33.561585340990476
EDGE: 171 14 28 0 52.395581787697125 4.855984871374738 92.67978934074847
EDGE: 172 14 29 0 27.327656398501418 11.185370936791578 68.85802084973643
EDGE: 173 14 30 0 39.60641426335914 5.327663671431258 90.07382620384533
EDGE: 174 14 31 0 46.2510124926177 2.410845042530507 17.155224484102078
EDGE: 175 14 32 0 68.20235829726093 13.317512911256799 42.428751819392794
EDGE: 176 14 33 0 33.77185529116123 12.020692609405968 46.697920748713074
EDGE: 177 14 34 0 27.289021638711805 5.305955428452964 38.613714562579936
EDGE: 178 14 35 0 49.729267878261155 11.120777835454273 33.20373241164748
EDGE: 179 14 36 0 51.58952823548447 9.572351879742822 73.09428731772557
EDGE: 180 14 37 0 10.828147453534521 15.594083558743607 36.78971628259626
EDGE: 181 14 38 0 70.29687146748115 11.518779413199917 83.26582934553586
EDGE: 182 14 39 0 59.766538780210446 15.233057995015635 21.089474120676304
EDGE: 183 14 40 0 67.38441251639344 12.24278169906193 93.29376754846004
EDGE: 184 14 41 0 94.19998390169307 13.853345795543527 76.31860708832427
EDGE: 185 14 42 0 93.2572923716027 9.761415976965582 72.46869446424286
EDGE: 186 14 43 0 71.67573726071868 18.666244690146772 90.54635358151397
EDGE: 187 14 44 0 80.1276335962048 19.038957672233686 38.58400496835843
EDGE: 188 14 45 0 29.169616565372756 11.93723754474541 85.93122512083093
EDGE: 189 14 46 0 75.99628493070479 4.7205937599311465 59.34396029824464
EDGE: 190 14 47 0 38.35836334655604 18.707937559368354 29.178428501123815
EDGE: 191 14 48 0 94.62395334230861 4.224455378487576 97.3099463070239
EDGE: 192 14 49 0 70.26025739962716 9.10879233072854 17.97690967138574
EDGE: 193 14 50 0 61.374534935403894 1.5943329042910066 26.392752198269925
EDGE: 194 15 27 0 35.376839608795805 5.539893423624442 57.67383101191407
EDGE: 195 15 28 0 87.31343233421559 10.265411390118551 80.39868425871592
EDGE: 196 15 29 0 17.968563119398432 9.74723108815645 14.944276576714566
EDGE: 197 15 30 0 66.4437162213334 10.645381045252089 36.63732944107601
EDGE: 198 15 31 0 25.59713817318093 15.571737227991832 87.71401641421365
EDGE: 199 15 32 0 43.462891150454894 1.1632545730204096 50.09877057338238
EDGE: 200 15 33 0 37.5674368398258 16.898468855598537 83.09313191031933
EDGE: 201 15 34 0 31.923119964279817 8.188243637078397 46.2080713997709
EDGE: 202 15 35 0 78.40173704144519 1.0832622576277324 47.5783191852974
EDGE: 203 15 36 0 55.177695769646306 18.971034624265545 92.66484999292437
EDGE: 204 15 37 0 64.97912717627685 17.884215627245588 46.281675841264665
EDGE: 205 15 38 0 34.99658562599319 15.509807340131449 53.375747343717876
EDGE: 206 15 39 0 98.47288627757352 19.675331377521356 60.44380485557212
EDGE: 207 15 40 0 75.23384898083638 6.9933423258508 89.98760095109574
EDGE: 208 15 41 0 94.718653637848 9.469671221158235 94.98901744755103
EDGE: 209 15 42 0 90.42975433779138 1.2235577429559348 89.02913759379982
EDGE: 210 15 43 0 99.14618607065829 12.02936414901911 70.38046536113347
EDGE: 211 15 44 0 91.73039249696393 12.169823071780797 75.16900248305309
EDGE: 212 15 45 0 44.90754020942364 15.08981034190036 85.53302127119436
EDGE: 213 15 46 0 35.00762259373387 15.557390428483345 93.59793160174343
EDGE: 214 15 47 0 75.33446929827679 13.475424687031628 41.04169819354332
EDGE: 215 15 48 0 48.562125806425314 16.142286924392433 47.042885099764206
EDGE: 216 15 49 0 54.357859133950484 8.634267322146718 64.48344471132465
EDGE: 217 15 50 0 80.29242374600773 15.075016375280804 85.42095324492196
EDGE: 218 16 27 0 61.02201071861414 10.868898508357104 52.05011025051471
EDGE: 219 16 28 0 96.71263706887389 12.505407697185932 98.64083067084346
EDGE: 220 16 29 0 86.72658824768865 1.2908096430652138 83.27040045346861
EDGE: 221 16 30 0 98.7018124920919 14.330960136673749 35.55970596056213
EDGE: 222 16 31 0 56.329033957584954 5.275765024489325 68.0786376703256
EDGE: 223 16 32 0 51.3676413613875 16.741021681239737 94.60335090782755
EDGE: 224 16 33 0 56.74028119788699 15.947407736208609 67.9881325356277
EDGE: 225 16 34 0 27.907358388670666 3.959153487402068 34.0572209555486
EDGE: 226 16 35 0 49.14654646580499 4.966463555495011 55.626978297199514
EDGE: 227 16 36 0 79.84864437991523 18.336014831887827 22.53640546814674
EDGE: 228 16 37 0 73.49005255453949 15.652896678523593 59.39409331065921
EDGE: 229 16 38 0 88.5533611327885 5.695120149417725 72.64221452679627
EDGE: 230 16 39 0 86.34146690614331 15.218352440277295 42.49331599053388
EDGE: 231 16 40 0 55.36689739783819 17.583806484638206 73.313216093895
EDGE: 232 16 41 0 35.796873122357006 4.636235018235464 58.10334879760236
EDGE: 233 16 42 0 50.29597352864955 7.83175740082612 28.87856455047441
EDGE: 234 16 43 0 79.53209123996074 15.426764216007077 74.94139645712607
EDGE: 235 16 44 0 51.597687067540946 4.569427193795059 45.32139489031001
EDGE: 236 16 45 0 64.64717344129764 7.38435322887369 59.97827956488928
EDGE: 237 16 46 0 21.162635492822567 18.608708480846907 76.76010949284364
EDGE: 238 16 47 0 20.433847220615128 9.024651345841955 27.56286944626139
EDGE: 239 16 48 0 43.07492050241076 3.83818800412494 97.65539143782871
EDGE: 240 16 49 0 17.69877089835738 11.278597595440678 56.71360866139659
EDGE: 241 16 50 0 15.231829156135419 19.035331311674412 38.75072635680952
EDGE: 242 17 27 0 20.775368810189924 3.7108268833247466 30.834987832216772
EDGE: 243 17 28 0 26.40603983742925 4.247945827081079 17.254254043852644
EDGE: 244 17 29 0 20.857095640187815 15.289770240528876 46.61673580821792
EDGE: 245 17 30 0 53.633128910721005 14.64725914884573 64.26976735991079
EDGE: 246 17 31 0 41.784897895520245 7.486800498144709 31.37358378846261
EDGE: 247 17 32 0 67.3072253646693 11.50496109943792 14.984683005998805
EDGE: 248 17 33 0 81.92174277918323 4.231758070773655 10.583379862813876
EDGE: 249 17 34 0 33.8675846236933 5.69655471728786 69.62276616029246
EDGE: 250 17 35 0 78.2469723998294 12.002206324235624 59.88138039160813
EDGE: 251 17 36 0 48.45893887622066 4.883350130873439 35.66943422488194
EDGE: 252 17 37 0 91.3033260826038 10.073759845108935 78.26854229603254
EDGE: 253 17 38 0 42.448403819288394 18.275460805825468 54.37748403865056
EDGE: 254 17 39 0 32.12944437587225 10.708825319870385 81.79160177471691
EDGE: 255 17 40 0 63.18176094643859 16.628130300205832 57.060993370710136
EDGE: 256 17 41 0 74.81064722633194 3.8111047114571788 29.452780282612
EDGE: 257 17 42 0 75.86194825217248 15.873742648635304 79.18526452019256
EDGE: 258 17 43 0 40.78081534009243 4.323200299458677 15.60690664042551
EDGE: 259 17 44 0 59.93254025842666 1.5418593743338662 72.76059235278497
EDGE: 260 17 45 0 23.5081839660235 7.394665184635315 65.60378739350824
EDGE: 261 17 46 0 24.849050906886983 4.869621952086245 40.04768503722504
EDGE: 262 17 47 0 44.69786269625579 3.0978471760734925 53.93362166453668
EDGE: 263 17 48 0 42.62086905635083 19.254869374563953 74.08252584711404
EDGE: 264 17 49 0 65.64388046184712 17.218863857671497 16.63329060722763
EDGE: 265 17 50 0 57.006631295206546 1.4543095034554403 94.0285358072202
EDGE: 266 18 27 0 79.86359815224726 16.40105746007044 72.2113049649383
EDGE: 267 18 28 0 61.74585723094241 16.679092583786467 75.8637833048379
EDGE: 268 18 29 0 35.647259202827144 14.668272572483405 87.84926431071635
EDGE: 269 18 30 0 92.7096392262612 2.4901271600535813 71.41111586807726
EDGE: 270 18 31 0 79.65553197849351 1.105296119069739 60.13760141436968
EDGE: 271 18 32 0 41.353229848623485 18.14548323352704 51.21899040650092
EDGE: 272 18 33 0 15.197835084774985 16.222809004554158 42.10344854931383
EDGE: 273 18 34 0 39.35329955678044 7.802226721493931 79.30082146014547
EDGE: 274 18 35 0 41.32424780187698 6.284190977152994 90.78842801851384
EDGE: 275 18 36 0 26.81272599603017 10.725030765602954 90.24066733824108
EDGE: 276 18 37 0 91.36385645224198 1.6215211770167643 12.134184266263139
EDGE: 277 18 38 0 18.915674685265376 8.40390073046903 91.6730622942781
EDGE: 278 18 39 0 62.04229397011164 10.718119740399215 52.433463207877494
EDGE: 279 18 40 0 88.41582375036727 9.233369056776581 17.64479919603271
EDGE: 280 18 41 0 96.81134561185159 14.58497250307892 18.104559496807866
EDGE: 281 18 42 0 93.8405333907008 7.155487042328447 10.86649296542457
EDGE: 282 18 43 0 19.523380087192216 13.708386579781177 88.04694473732496
EDGE: 283 18 44 0 15.793759759638334 6.41897721801394 44.361716506325614
EDGE: 284 18 45 0 97.08345692192174 8.596214757856291 35.33587121074154
EDGE: 285 18 46 0 76.24054412071797 5.356867871262807 65.52154140685006
EDGE: 286 18 47 0 22.211896824827612 8.699995774156871 77.51379429817656
EDGE: 287 18 48 0 18.155880313125124 7.834976073618213 68.07228116921468
EDGE: 288 18 49 0 49.950147764511364 17.240357331715217 27.236394086229975
EDGE: 289 18 50 0 95.42076925987918 2.773562888410914 59.96426321872925
EDGE: 290 19 27 0 54.04274358715683 1.2130163262316218 97.53103732691557
EDGE: 291 19 28 0 45.348291045055994 8.894517913700764 97.68941068120023
EDGE: 292 19 29 0 31.828165752652676 12.602731491075492 78.42546761429512
EDGE: 293 19 30 0 78.72247848299504 1.5964139653524947 40.035505107307955
EDGE: 294 19 31 0 28.771457993776973 4.582542506127043 14.204550867564397
EDGE: 295 19 32 0 24.732830081896537 18.609768529062368 46.78487559397118
EDGE: 296 19 33 0 86.27133675006718 12.225646107647458 43.052891475676404
EDGE: 297 19 34 0 80.68726711187715 4.834867650110908 80.365380787394
EDGE: 298 19 35 0 28.87468137924836 4.007247632897181 53.34111199508737
EDGE: 299 19 36 0 68.88633714062031 6.514484218144315 20.961450004928118
EDGE: 300 19 37 0 99.53117314938072 7.123737545763044 13.313636566144558
EDGE: 301 19 38 0 65.54149758043681 18.64384617419874 48.093051972102494
EDGE: 302 19 39 0 54.020910017657734 12.406529819942588 53.43576624583546
EDGE: 303 19 40 0 69.1202594816468 10.270184190732422 64.17033930704274
EDGE: 304 19 41 0 18.187803079390036 5.357914132483754 33.157866976401976
EDGE: 305 19 42 0 88.0010459032193 11.084217607783685 18.03183791918425
EDGE: 306 19 43 0 44.111579681449456 18.58625520520254 56.35450063233136
EDGE: 307 19 44 0 69.82054442502786 14.45591228128964 38.973948900516945
EDGE: 308 19 45 0 93.85119438984269 10.667894502680552 92.1962709149129
EDGE: 309 19 46 0 17.396365887866224 7.816855395263542 34.279619335772665
EDGE: 310 19 47 0 41.89245604188248 8.213090030902503 30.71224068840998
EDGE: 311 19 48 0 28.60786335688347 9.041597173384304 45.7539475981365
EDGE: 312 19 49 0 29.93270358858197 2.6633388281583397 84.80071063194735
EDGE: 313 19 50 0 20.117857009908633 11.230293641496676 73.27457352192275
EDGE: 314 20 27 0 90.13532487614258 10.097431057445897 32.94615612201274
EDGE: 315 20 28 0 87.31814241565357 9.045003632479304 75.86464651143903
EDGE: 316 20 29 0 45.48693430835478 4.073573638630259 49.40018396876377
EDGE: 317 20 30 0 45.38155271369745 18.50197602527258 73.2961971670461
EDGE: 318 20 31 0 88.39002298479757 6.2849279412038435 41.0842650173517
EDGE: 319 20 32 0 48.803399187613465 6.872277719863927 23.731699452666522
EDGE: 320 20 33 0 31.123905973834983 16.555911225468947 12.972092838064851
EDGE: 321 20 34 0 69.31511908118723 15.093099047827591 75.41167245507854
EDGE: 322 20 35 0 14.30675148154917 19.45659686839763 46.20937078460861
EDGE: 323 20 36 0 84.552903516564 18.84208697865551 12.896104065382639
EDGE: 324 20 37 0 81.9915360216231 5.5625634866738185 25.728828694010293
EDGE: 325 20 38 0 62.364168562439076 10.177046643624191 70.86751948143917
EDGE: 326 20 39 0 14.52871772338738 7.137533230930686 86.61830168231737
EDGE: 327 20 40 0 18.134640299471783 7.393353468455454 91.00352044756109
EDGE: 328 20 41 0 22.82844036708865 19.7661466740285 70.99966761571146
EDGE: 329 20 42 0 85.0188813917679 9.501423089884335 49.926575885468125
EDGE: 330 20 43 0 50.15509448175856 9.214213293336831 89.67646297071367
EDGE: 331 20 44 0 19.45708969076153 11.476580073342753 58.73890927880182
EDGE: 332 20 45 0 40.08703535424826 17.543783695816945 75.30798372138766
EDGE: 333 20 46 0 16.860939383399845 11.18367274843336 27.150280229014175
EDGE: 334 20 47 0 41.77427422652335 7.260391221091199 16.367701025499713
EDGE: 335 20 48 0 54.85132404470826 19.6287713572542 17.706465982346185
EDGE: 336 20 49 0 36.12696063469534 18.0197967554856 63.64377219600438
EDGE: 337 20 50 0 43.93077814161019 14.940301503762704 88.12627454387412
EDGE: 338 21 27 0 19.06745272086901 18.17159161184485 83.53948947030764
EDGE: 339 21 28 0 27.973407514331768 13.2319485420683 62.254883778951495
EDGE: 340 21 29 0 90.47881023508818 16.166995280887747 54.93147455631883
EDGE: 341 21 30 0 59.415143603744205 16.24968531652523 52.641322695322565
EDGE: 342 21 31 0 49.98251041122044 13.608192858069078 28.84340715301038
EDGE: 343 21 32 0 26.527115070600125 18.455257051221476 60.247920822191546
EDGE: 344 21 33 0 93.17818589479401 13.466558436304854 12.693134987079802
EDGE: 345 21 34 0 92.65497236213663 13.94847707578464 59.299522433507754
EDGE: 346 21 35 0 84.47822715141925 16.74710572950137 73.37094886956729
EDGE: 347 21 36 0 89.80696088365804 5.380668459149981 17.780281473467053
EDGE: 348 21 37 0 35.170042498837525 2.6265098107073657 75.9068575735302
EDGE: 349 21 38 0 11.473569613391632 2.761603397918069 46.585856059714516
EDGE: 350 21 39 0 27.838782651960884 5.842045901343711 26.98464670718037
EDGE: 351 21 40 0 82.061546124364 4.812276421874428 82.83880836396445
EDGE: 352 21 41 0 10.783365168736783 10.858786688792533 35.060575829600765
EDGE: 353 21 42 0 72.82511625097918 17.265860007394906 65.37503075717972
EDGE: 354 21 43 0 88.55858892239532 14.092400569774277 91.3444825607455
EDGE: 355 21 44 0 76.67720674012105 15.269186164043878 52.90899396074268
EDGE: 356 21 45 0 67.27615722410673 2.214902347627892 78.40113921566065
EDGE: 357 21 46 0 26.763474926296624 8.787095082354305 27.885649490147827
EDGE: 358 21 47 0 95.79743257866697 17.32068731447914 75.6296461373314
EDGE: 359 21 48 0 36.18198333322515 13.661997097756323 51.52679084982794
EDGE: 360 21 49 0 36.45072359232846 9.480204068559994 63.37870926975009
EDGE: 361 21 50 0 58.731307818688094 1.730990615814794 18.07967827300139
EDGE: 362 22 27 0 81.40592098042342 17.958606199131182 39.95557608732662
EDGE: 363 22 28 0 93.06990040123867 3.1528801303269787 78.7757522522722
EDGE: 364 22 29 0 23.339291911076145 11.126721909752291 58.28647138726549
EDGE: 365 22 30 0 15.169526901541628 6.847436837879751 38.507238643213725
EDGE: 366 22 31 0 11.52124896209951 11.841690913818457 71.48632918925564
EDGE: 367 22 32 0 36.445566338777226 12.699248103832982 10.729468575010872
EDGE: 368 22 33 0 66.95991835007374 18.82461319398829 39.095650849708534
EDGE: 369 22 34 0 17.4470304363586 4.928498141767472 48.59670857431702
EDGE: 370 22 35 0 62.73327744059733 18.312545794246187 48.24226484777124
EDGE: 371 22 36 0 29.489062684753815 19.781021206727964 92.83933017137065
EDGE: 372 22 37 0 98.14273514902277 5.012201437690668 46.48585388961921
EDGE: 373 22 38 0 79.11077062179633 10.439976317668094 69.3901284761251
EDGE: 374 22 39 0 47.82091518238286 12.132683015376461 65.60302143549416
EDGE: 375 22 40 0 82.7411769298129 14.811482969134442 82.26759015968999
EDGE: 376 22 41 0 59.426486898073556 3.024606182130586 38.07071300457295
EDGE: 377 22 42 0 31.45612222283262 15.586563591692716 39.72393709264364
EDGE: 378 22 43 0 16.058831222641658 13.702949059306285 40.505834770119264
EDGE: 379 22 44 0 38.20891920480393 7.731734344548807 54.16575076938087
EDGE: 380 22 45 0 52.02538975900428 9.28097038019565 20.818843896316654
EDGE: 381 22 46 0 72.41757162606737 14.310592406405247 98.85499639398095
EDGE: 382 22 47 0 93.09446239722418 5.092548526362732 68.33914709426449
EDGE: 383 22 48 0 19.291377165026706 5.288738092102059 36.89825108620758
EDGE: 384 22 49 0 14.866306251033636 1.030276703493652 58.67011738780471
EDGE: 385 22 50 0 93.77971492177315 1.724378403911218 80.53195173036447
EDGE: 386 23 27 0 55.39533677450053 4.376660334779121 47.531531368496076
EDGE: 387 23 28 0 41.52585743772514 6.4969581308904205 51.21148100721584
EDGE: 388 23 29 0 60.69622286077393 3.155763669991442 20.347248329792038
EDGE: 389 23 30 0 81.70857104766482 15.476156186820427 63.51189305009798
EDGE: 390 23 31 0 34.266721704304096 3.782645601147064 56.835940935813866
EDGE: 391 23 32 0 89.15436928866643 6.783594857302988 58.3480965948789
EDGE: 392 23 33 0 74.26004589902648 4.5379295595013245 12.362688756491128
EDGE: 393 23 34 0 15.603199936104687 19.549608564888615 43.5223218753257
EDGE: 394 23 35 0 54.43957167353042 9.144852722524577 90.30925438274521
EDGE: 395 23 36 0 72.5103881464461 1.31740835636767 42.10664822984906
EDGE: 396 23 37 0 57.548714933867274 18.476134734092295 12.220839371890468
EDGE: 397 23 38 0 30.267642428549166 19.996991693875675 31.668448846036192
EDGE: 398 23 39 0 72.22878736777989 19.168014139320068 94.98714979521252
EDGE: 399 23 40 0 71.2259546403559 16.021141822925124 89.84652893838907
EDGE: 400 23 41 0 97.11761703621617 11.668793728203218 96.81556796734611
EDGE: 401 23 42 0 76.40317055784892 4.105852284472571 84.28579031635053
EDGE: 402 23 43 0 18.261797338432274 10.999237185489728 86.25427018769582
EDGE: 403 23 44 0 98.25908300027673 4.767534858675401 67.43822881288654
EDGE: 404 23 45 0 88.47532128390547 15.252164894314667 51.023048852043566
EDGE: 405 23 46 0 24.420840822327555 16.499337872224153 39.238076743587264
EDGE: 406 23 47 0 69.77745087576525 17.608588318243132 25.909727714900598
EDGE: 407 23 48 0 59.74147412473083 2.258932732221657 13.158905583734665
EDGE: 408 23 49 0 72.54262614817264 9.397730950810956 21.489905191419325
EDGE: 409 23 50 0 76.57437794428137 1.670103121229579 83.6604869517017
EDGE: 410 24 27 0 27.495212029832505 2.4782734169167187 47.927901738929606
EDGE: 411 24 28 0 45.646544716481394 10.090486647474817 35.53326128429596
EDGE: 412 24 29 0 59.181916409816154 8.968174820424334 10.61667369955727
EDGE: 413 24 30 0 92.41335625583955 11.447807773228313 38.148175412038974
EDGE: 414 24 31 0 92.05467690732628 16.100406931402443 86.9145515390788
EDGE: 415 24 32 0 96.27777181512756 5.4969508244215035 30.119744454963943
EDGE: 416 24 33 0 12.796831616671188 17.7319483527238 55.73657089844011
EDGE: 417 24 34 0 32.55669279378235 7.900210064219588 12.390128080670399
EDGE: 418 24 35 0 25.025398821722327 16.783381063453206 34.25824969922752
EDGE: 419 24 36 0 29.577346691724404 6.283070588252912 70.24204502926253
EDGE: 420 24 37 0 45.00225345847992 12.636435487819902 58.48958173117579
EDGE: 421 24 38 0 35.786470208228025 12.167851503345412 47.248327346297714
EDGE: 422 24 39 0 69.48703403720006 11.266823514421402 16.97711404459852
EDGE: 423 24 40 0 94.25514279929365 11.437566704612818 76.66592817008869
EDGE: 424 24 41 0 49.364593954245564 5.639708587236223 29.39185376539241
EDGE: 425 24 42 0 84.4620458992919 19.732338534917332 48.28221737154592
EDGE: 426 24 43 0 75.17978329590458 11.645151585287415 34.26087634936646
EDGE: 427 24 44 0 63.7379930853594 16.930712138816865 71.22134603584323
EDGE: 428 24 45 0 83.21241060360808 2.6008792059968306 72.6004110683991
EDGE: 429 24 46 0 23.254504378659306 14.618214996462605 55.71850670801871
EDGE: 430 24 47 0 23.22516466782016 8.099719089952174 76.70823215927769
EDGE: 431 24 48 0 55.93928672479272 2.1955016637262115 69.36990324885417
EDGE: 432 24 49 0 11.517326374017188 1.7290414656363131 65.8731683080974
EDGE: 433 24 50 0 66.20138781250384 16.028431176792104 85.86625252927936
EDGE: 434 25 27 0 15.417084866194289 4.939557355843144 53.25952738511826
EDGE: 435 25 28 0 63.84886850915864 10.792417855301336 16.717597611479473
EDGE: 436 25 29 0 77.84525787646392 3.0908104346698964 70.72427257228563
EDGE: 437 25 30 0 37.081775153737226 14.913403103843471 38.97728481980331
EDGE: 438 25 31 0 43.0832311567373 15.450711019638845 20.824746127761173
EDGE: 439 25 32 0 41.943263020789956 11.757787388711662 84.47289306683021
EDGE: 440 25 33 0 17.377957764741005 19.676453959352322 77.77474943702721
EDGE: 441 25 34 0 88.11164347891813 18.973669281912194 78.55192559290107
EDGE: 442 25 35 0 30.51677246120872 6.054164512842038 41.60681783970304
EDGE: 443 25 36 0 53.4161960989456 7.135734854613567 18.85010411699468
EDGE: 444 25 37 0 87.0048881220385 4.5246166706762025 32.298459319053535
EDGE: 445 25 38 0 61.959553774611535 6.596139074268265 87.09002928914991
EDGE: 446 25 39 0 17.97836898483841 8.272365890569988 73.12022705928445
EDGE: 447 25 40 0 73.22944511400917 15.193726875984211 19.4180843226884
EDGE: 448 25 41 0 97.48537454345544 7.405641405367982 94.96337148827578
EDGE: 449 25 42 0 62.082657820437625 8.223933722085684 43.28732893263201
EDGE: 450 25 43 0 79.26851115470218 9.004342482681666 25.904946504713458
EDGE: 451 25 44 0 31.983986533772075 14.821712329513458 41.39424235365908
EDGE: 452 25 45 0 92.68109522916033 19.563479688780724 12.768144341017646
EDGE: 453 25 46 0 26.38300404058572 1.6598258036870481 15.677104808785542
EDGE: 454 25 47 0 18.87014294205102 8.609409358169032 33.93567676408618
EDGE: 455 25 48 0 55.611468274443425 12.614855415650155 86.88384870947247
EDGE: 456 25 49 0 20.858880277766957 10.016199348662436 75.17403137998429
EDGE: 457 25 50 0 59.18415908759962 10.803265101415603 87.71715621785351
EDGE: 458 26 27 0 63.661623883326385 9.299474991204411 82.72639727526996
EDGE: 459 26 28 0 45.88598873147593 14.13986256823002 90.06467267326212
EDGE: 460 26 29 0 63.06380843943249 10.915085720774172 10.43208272611595
EDGE: 461 26 30 0 36.528151193404625 18.321006872531274 79.3220850211095
EDGE: 462 26 31 0 74.19999157838313 19.339936909231362 30.130234630619654
EDGE: 463 26 32 0 86.756185842969 3.8849027790020108 71.3169300524277
EDGE: 464 26 33 0 43.56264491457487 14.462333190454231 97.10567099607336
EDGE: 465 26 34 0 59.79270779493392 5.751325395245888 99.84090506145748
EDGE: 466 26 35 0 20.574538747517426 6.55917256085719 64.8346381482431
EDGE: 467 26 36 0 11.497648926142027 19.39312204485835 65.29853164799796
EDGE: 468 26 37 0 37.35755381353583 13.887337120961623 35.788319417130324
EDGE: 469 26 38 0 92.62882431472809 16.541827936927955 87.47994460134568
EDGE: 470 26 39 0 57.830694789015844 19.66662554510812 27.551875450308618
EDGE: 471 26 40 0 65.68562445313071 6.0797517962071845 47.96565860419651
EDGE: 472 26 41 0 59.77016104959459 7.981570455324349 36.01686235432517
EDGE: 473 26 42 0 86.2186419682836 4.52085881052169 90.17108134057713
EDGE: 474 26 43 0 65.96424201207695 11.879481681166942 69.90482726127462
EDGE: 475 26 44 0 10.988060693107718 13.232811164926808 87.53863982777663
EDGE: 476 26 45 0 53.095901280658936 16.6920635361876 23.379887958451768
EDGE: 477 26 46 0 97.85361917544827 9.302497624450218 72.8852717925385
EDGE: 478 26 47 0 49.485814912582036 3.3579441200601634 86.0081156242064
EDGE: 479 26 48 0 44.77893690599465 18.69740181785222 44.413148240931754
EDGE: 480 26 49 0 35.328697849948185 3.2734697316550196 71.82152529624989
EDGE: 481 26 50 0 87.83304418507386 3.1251524338081103 16.39140385259422
